12	1	4	4	0	0	0	-99	-99	-99	-99	-99	-99	-99	0	0	0	-99	-99	-99
15	1	6	6	0	0.166666666666667	0.142857142857143	0.6	1	0.333333333333333	3	3	2	2.5	5	2	3	179.6	205.5	90.6666666666667
16	1	5	5	-99	-99	-99	0	-99	0	0	3	2	2.66666666666667	1	0	1	83	-99	94
3	1	6	6	0	0	0	-99	-99	-99	0	-99	2	-99	0	0	0	-99	-99	-99
20	1	3	3	0	0	-99	0.333333333333333	-99	-99	0	3.75	2	3	3	0	0	371	-99	-99
7	1	6	6	0	0	0	1	1	1	0	2.25	1	2.66666666666667	1	1	1	824	704	624
1	0	6	6	0	0	0	0	0	0	0	1.5	1	2.4	1	2	1	882	390	364
10	1	4	3	0	0	0	-99	0	0	0	3	1	2.33333333333333	0	3	1	-99	260	583
1	0	6	6	0	0	0	-99	0	0	1	2.5	1	2.5	0	1	1	-99	163	122
9	0	2	4	-99	0	0	-99	0	0	1	2.75	2	2.33333333333333	0	2	1	-99	165.5	261
19	0	6	5	0	0	0	-99	-99	-99	-99	-99	-99	-99	0	0	0	-99	-99	-99
17	1	6	5	0	0	0	0.666666666666667	1	0.333333333333333	3	4	2	2.66666666666667	3	3	3	568.666666666667	346.666666666667	249.666666666667
1	0	6	6	0	0.2	-99	0.5	0.333333333333333	0	0	3.5	2	2.66666666666667	2	3	1	134	73.3333333333333	130
2	0	6	6	0	0	0	0	0	0	3	3.25	2	3	3	3	3	133	108.666666666667	76.6666666666667
16	1	5	5	0	0	0	0	0	0	1	2	2	2	1	1	1	343	220	169
19	0	6	5	-99	-99	-99	0	0	0	0	2.5	2	3.33333333333333	1	2	1	730	397	700
3	1	6	6	0	0	0	0	0	0	1	2.75	2	3	1	1	1	1217	731	605
3	1	6	6	0	0	0	0	1	0	0	3	2	2.33333333333333	1	1	1	934	1314	1009
7	1	6	6	0	-99	-99	-99	-99	-99	3	2.75	2	2	0	0	0	-99	-99	-99
15	1	6	6	0	0	0	-99	-99	-99	-99	-99	-99	-99	0	0	0	-99	-99	-99
11	0	2	1	0	0	0	-99	0	0	0	2.75	2	1.66666666666667	0	2	1	-99	170.5	489
5	0	3	2	0	0	0	-99	-99	-99	-99	-99	-99	-99	0	0	0	-99	-99	-99
19	0	6	5	0	0	0	0	0	0	2	2.75	2	3.16666666666667	2	4	2	150	216	173.5
18	1	6	5	0	0	0	0	0	0	0	2.75	1	2.33333333333333	3	3	2	184.666666666667	194.333333333333	84.5
11	0	2	1	0	0	0	-99	-99	-99	0	-99	0	-99	0	0	0	-99	-99	-99
4	1	2	2	0	0	0	-99	-99	-99	-99	-99	-99	-99	0	0	0	-99	-99	-99
5	0	3	2	0	0	0	-99	-99	-99	-99	-99	-99	-99	0	0	0	-99	-99	-99
10	1	4	3	0	1	0	0	0	0.25	3	3	2	2.83333333333333	2	4	4	917	446	451
18	1	6	5	0	0	0	-99	-99	-99	0	-99	1	-99	0	0	0	-99	-99	-99
10	1	4	3	0	0	0	-99	-99	-99	-99	-99	-99	-99	0	0	0	-99	-99	-99
11	0	2	1	0	0	0	0	0	-99	3	3.25	2	2.33333333333333	2	3	0	410	195.666666666667	-99
4	1	2	2	0	0	0	0	0	0	0	2.75	1	2.66666666666667	1	1	1	431	169	174
19	0	6	5	0	0	0	0	0	0	3	3.5	2	3.5	3	2	3	135	186	89.3333333333333
3	1	6	6	0	0	0	0.4	0.333333333333333	0.5	0	1.5	2	2	5	3	4	518.8	535.666666666667	331.25
12	1	4	4	0	0	0	0	0	0	1	2.75	2	2.66666666666667	3	1	3	120.333333333333	300	104.666666666667
20	1	3	3	0	0	0	-99	-99	0	3	3.25	2	2.66666666666667	0	0	1	-99	-99	409
4	1	2	2	0	0	0	0	0.5	0	0	2.66666666666667	1	2.16666666666667	1	2	3	358	219.5	143.333333333333
13	0	6	6	0	0.2	0	0	0	0	0	2	2	1.83333333333333	1	3	1	1367	855.666666666667	788
15	1	6	6	0	0	0	-99	-99	-99	-99	-99	-99	-99	0	0	0	-99	-99	-99
1	0	6	6	0	0	0	0.5	0.333333333333333	0.75	3	3	2	2.66666666666667	6	3	4	571.166666666667	683.666666666667	501.75
12	1	4	4	0	0	0	0	0	0	3	2	1	3	3	2	2	302	330	274.5
10	1	4	3	0	0	0	-99	-99	-99	-99	-99	-99	-99	0	0	0	-99	-99	-99
16	1	5	5	0	0	0	0	0	0	3	2.75	2	2.83333333333333	1	4	3	932	270.75	278.666666666667
16	1	5	5	0	0	0	0	0	0	3	2.25	2	2.16666666666667	6	3	2	80.8333333333333	158.333333333333	227
20	1	3	3	0	0	-99	0	0.333333333333333	0	0	1	2	1.5	1	3	2	33	79.6666666666667	57
14	0	2	2	0	0	0	0.571428571428571	0	0	2	2.5	2	2.66666666666667	7	4	4	224.428571428571	371.5	206.25
11	0	2	1	0	0	0	0	0.25	0	0	2.5	2	2	4	4	2	369.75	272.75	329.5
17	1	6	5	0	0	0	0	0.333333333333333	0	0	2	1	2	1	3	2	247	130.333333333333	156.5
16	1	5	5	0	0	0	0	0.166666666666667	0	3	3	2	2.83333333333333	1	6	4	1763	236.333333333333	538
7	1	6	6	0	0	0	1	0.6	1	0	3	2	3	2	5	1	686.5	311.8	548
11	0	2	1	0	0	0	-99	-99	-99	-99	-99	-99	-99	0	0	0	-99	-99	-99
17	1	6	5	0	0	0	0	0	0	0	2	1	1.83333333333333	2	2	1	196	151	175
5	0	3	2	0	-99	-99	0.5	0.75	1	2	2	2	2.33333333333333	6	4	1	95	28.25	240
15	1	6	6	0	0	0	0	0	0	0	2	2	2.33333333333333	4	3	2	64.25	65.3333333333333	75
4	1	2	2	0	0	0	0	0.5	0	0	2.5	2	2.66666666666667	1	2	6	864	425.5	52.8333333333333
14	0	2	2	0.142857142857143	0	0	0	0.2	0	0	3	2	2.83333333333333	4	5	3	146.25	181.8	282.333333333333
9	0	2	4	0	0	0	0	0	0	3	2.5	1	2.66666666666667	1	1	4	929	735	325.25
10	1	4	3	0	0	0	0	0	-99	2	3	1	2.33333333333333	1	1	0	288	275	-99
5	0	3	2	-99	-99	-99	-99	-99	-99	-99	-99	-99	-99	0	0	0	-99	-99	-99
3	1	6	6	0	0	0	1	1	0	1	3.25	2	2.16666666666667	1	1	1	515	511	412
17	1	6	5	0	0	0	-99	-99	-99	-99	-99	-99	-99	0	0	0	-99	-99	-99
5	0	3	2	0	0	0	-99	-99	-99	-99	-99	-99	-99	0	0	0	-99	-99	-99
10	1	4	3	0	0	0	0	0	0	0	3.75	2	3.5	2	2	4	81	139.5	108.75
10	1	4	3	0	0	0	-99	-99	-99	-99	-99	-99	-99	0	0	0	-99	-99	-99
20	1	3	3	0	0	0	0	0	0	0	2	2	2.83333333333333	6	3	1	268.333333333333	204.333333333333	199
18	1	6	5	0	0	0	0.25	0.333333333333333	0	3	3.5	2	2.66666666666667	8	6	5	76.875	118.666666666667	96.8
16	1	5	5	0	0	0	1	0	0	3	3	2	2.83333333333333	1	4	3	1136	323.5	74
13	0	6	6	0	0	-99	0	0	0	1	3	2	2.5	6	4	4	26.1666666666667	29.5	30.25
7	1	6	6	0	0	0	1	0.666666666666667	0.5	3	3	1	2	3	3	2	86	68.6666666666667	83
7	1	6	6	0	0	0	1	0.5	1	3	3	2	2.66666666666667	2	2	1	408.5	520	920
6	0	3	2	0	0	0	-99	-99	-99	-99	-99	-99	-99	0	0	0	-99	-99	-99
8	1	6	6	0	0	0	0	0	1	3	2.75	1	3.16666666666667	1	1	1	784	1166	914
12	1	4	4	0	0	0	0	0	0	3	-99	2	2	1	1	1	1085	678	886
19	0	6	5	0	0	0	0	0	0	0	3.25	2	2.83333333333333	8	4	3	209.625	272.75	181
8	1	6	6	0	0	0	0	0	0	2	1.5	1	2.83333333333333	1	1	2	235	159	92.5
10	1	4	3	0	0	0	0.166666666666667	0.2	0.333333333333333	0	2.5	2	2.83333333333333	6	5	3	416.666666666667	515.8	471.333333333333
13	0	6	6	-99	-99	-99	-99	-99	-99	-99	-99	-99	-99	0	0	0	-99	-99	-99
12	1	4	4	0	0	0	-99	-99	-99	-99	-99	-99	-99	0	0	0	-99	-99	-99
5	0	3	2	0	0	0	-99	-99	-99	-99	-99	-99	-99	0	0	0	-99	-99	-99
3	1	6	6	0	0	0	0	0.125	0	1	3	2	2.33333333333333	3	8	4	136.333333333333	75	107.75
2	0	6	6	-99	-99	0	-99	0	-99	1	4	1	3.33333333333333	0	3	0	-99	168	-99
4	1	2	2	0	0	0	0	0.1	0	3	2.25	2	2.5	8	10	7	162	118.2	132.285714285714
2	0	6	6	0	0	0	0	0	0	2	2.25	2	2.33333333333333	5	9	1	202.4	193.666666666667	1247
13	0	6	6	0	0	0	0	-99	0	0	2.25	2	2	2	0	3	140.5	-99	152.666666666667
1	0	6	6	0	0	0	0	0.333333333333333	0	0	2.25	2	2.83333333333333	1	3	8	1057	365.333333333333	109.75
3	1	6	6	0	0	0	-99	-99	-99	-99	-99	-99	-99	0	0	0	-99	-99	-99
6	0	3	2	0	0	0	0	0	0	0	2.75	2	2.33333333333333	1	4	1	682	118.25	358
14	0	2	2	0	0	0	0.333333333333333	0	0	3	3	2	2.5	3	1	3	397.666666666667	258	119
10	1	4	3	0	0	0	0	0	0	0	1.5	0	2.33333333333333	7	1	1	103.142857142857	858	129
8	1	6	6	0	0	0	1	0.666666666666667	1	0	2.5	1	2	2	3	1	334.5	225	237
19	0	6	5	0	0	0	0.5	0	0	3	3.25	2	3.33333333333333	4	4	2	545.75	493.5	394
19	0	6	5	0	0	0	0.25	0	0	3	1.75	2	2.16666666666667	4	1	1	76.75	316	72
9	0	2	4	0	0	0	0.4	0.25	0.5	1	2.75	2	2.5	5	4	2	165.6	136.75	176
19	0	6	5	0	1	0	0	0	0	0	2.5	1	2.5	1	1	3	716	673	228
17	1	6	5	-99	0	0	-99	0	0	1	3.25	2	2.66666666666667	0	4	4	-99	141.75	106.5
20	1	3	3	0	0	0	0	0	0	0	3	2	2.66666666666667	5	5	2	116.6	196.2	216
10	1	4	3	0	0	0	0	0	0	0	2.25	2	2.5	1	1	1	334	245	229
4	1	2	2	0	0	0	0	0	0	3	3	2	2.66666666666667	1	3	1	79	116.666666666667	65
20	1	3	3	0	0	0	0	0	0	0	2.5	2	2.33333333333333	5	8	6	391	294.375	165
7	1	6	6	0	0	0	1	0.5	0	3	2.75	2	3.5	1	2	3	773	311.5	403.5
11	0	2	1	0	0	0	0	0	0	0	2.25	2	2.66666666666667	3	3	3	183	164.333333333333	125
12	1	4	4	0	0	0	0	0	0	2	2.25	2	2.5	1	3	2	1275	266.333333333333	324
17	1	6	5	-99	0	-99	0	0	0	1	2.5	1	2.5	3	3	1	144.666666666667	82	176
12	1	4	4	0	0	0	0	-99	-99	0	3	2	2.66666666666667	3	0	0	68	-99	-99
4	1	2	2	0	0	0	0	0	0	2	3.25	1	2.66666666666667	1	1	1	650	447	489
12	1	4	4	0	0	0	0	0	0	1	2.75	1	1.66666666666667	2	2	1	516.5	602	631
16	1	5	5	0	0	0	0	0	0	3	2.75	1	2.33333333333333	1	3	1	691	190.666666666667	468
16	1	5	5	0	0	0	-99	-99	-99	-99	-99	-99	-99	0	0	0	-99	-99	-99
17	1	6	5	-99	0	0	-99	-99	-99	-99	-99	-99	-99	0	0	0	-99	-99	-99
18	1	6	5	0.5	0	0.25	0.5	0.666666666666667	1	3	3	2	2.83333333333333	4	3	1	332	340	599
6	0	3	2	0	0	0	-99	-99	-99	-99	-99	-99	-99	0	0	0	-99	-99	-99
10	1	4	3	0	0	0	-99	0	0.333333333333333	1	3	2	2.16666666666667	0	4	3	-99	125	198
4	1	2	2	0	0	-99	0	0	0	2	3.25	2	3	1	2	1	435	223	456
2	0	6	6	0	0	0	1	1	1	0	2.25	2	2.83333333333333	1	1	2	1056	1191	517
14	0	2	2	0	0	0	0	0	0	2	2.25	2	2.33333333333333	3	5	1	506	392.4	476
6	0	3	2	0	0	0	-99	0	0	2	2.75	1	3	0	10	4	-99	124.9	156.5
20	1	3	3	0	-99	-99	0	-99	-99	3	4	1	2.66666666666667	3	0	0	513.666666666667	-99	-99
13	0	6	6	0	0	0	0	0.25	0	2	2.75	2	1.33333333333333	3	4	2	131.666666666667	62.75	61
7	1	6	6	0	-99	-99	-99	-99	-99	-99	-99	-99	-99	0	0	0	-99	-99	-99
21	0	4	2	0	0	0	0	0	0	0	2.25	2	2.33333333333333	1	4	3	1050	192.75	215.333333333333
21	0	4	2	0	0	0	-99	-99	-99	-99	-99	-99	-99	0	0	0	-99	-99	-99
7	1	6	6	0	0	0	1	1	1	1	3	2	2.83333333333333	1	1	1	869	924	796
16	1	5	5	0	0	0	-99	-99	-99	-99	-99	-99	-99	0	0	0	-99	-99	-99
5	0	3	2	0	0	0	0	0	0	2	3.75	2	3.66666666666667	4	3	2	164.5	218	212
6	0	3	2	0	0	0	0	0.333333333333333	0	0	3	2	3	2	3	3	263.5	184.333333333333	149.333333333333
5	0	3	2	0	0	0	-99	-99	-99	-99	-99	-99	-99	0	0	0	-99	-99	-99
2	0	6	6	0	0	0	-99	-99	-99	-99	-99	-99	-99	0	0	0	-99	-99	-99
13	0	6	6	0	0	0	-99	-99	-99	0	2.5	2	2.5	0	0	0	-99	-99	-99
19	0	6	5	0	0	0	-99	0	-99	2	3.25	2	2.83333333333333	0	1	0	-99	152	-99
3	1	6	6	0	0	0	1	0.5	1	0	2	2	2.33333333333333	3	4	2	429	360.5	280.5
3	1	6	6	0	0	0	-99	-99	-99	0	-99	0	-99	0	0	0	-99	-99	-99
21	0	4	2	0	0	0	0	0	0	0	2.25	2	2.33333333333333	5	4	1	363.2	439.75	1014
20	1	3	3	0	0	0	0	0	0	1	2.5	1	2.83333333333333	1	2	1	585	211.5	299
16	1	5	5	0	0	-99	0	-99	0	1	3	1	2.66666666666667	1	0	1	344	-99	490
15	1	6	6	0	0	0	0	0.333333333333333	-99	0	2.5	2	2	2	3	0	50.5	64.3333333333333	-99
10	1	4	3	0	0	0	0	0	0	2	1.5	2	2	2	3	1	346.5	253.333333333333	565
5	0	3	2	0	0	0	0	0.5	0	2	3.5	2	2.33333333333333	3	4	3	275	296.5	298
10	1	4	3	0	0	0	0	0	0	0	2	2	2.5	2	1	1	496	993	704
19	0	6	5	0	-99	-99	0	-99	-99	0	2.25	2	2.16666666666667	1	0	0	1332	-99	-99
21	0	4	2	0	0	0	0	0	0	0	2.75	2	3.5	1	1	1	955	422	461
10	1	4	3	0	0	0	0	0	0	3	2.75	2	3	2	2	5	710	516.5	260
4	1	2	2	0	0.142857142857143	0	-99	-99	-99	-99	-99	-99	-99	0	0	0	-99	-99	-99
9	0	2	4	0	0	0	-99	-99	-99	-99	-99	-99	-99	0	0	0	-99	-99	-99
14	0	2	2	0	0	0	1	0	0.333333333333333	1	2.75	2	2.16666666666667	3	3	3	119	91.3333333333333	96.3333333333333
16	1	5	5	0	0	0	0	0	-99	0	-99	1	-99	1	1	0	615	439	-99
11	0	2	1	0.0909090909090909	-99	0	0.2	0	0	0	3	2	2.66666666666667	5	2	1	408.2	290.5	451
17	1	6	5	0	0	0	-99	-99	-99	0	-99	2	-99	0	0	0	-99	-99	-99
10	1	4	3	0	0	-99	-99	-99	-99	-99	-99	-99	-99	0	0	0	-99	-99	-99
14	0	2	2	0	0	0	0	0	0	0	2.75	2	2.5	2	2	1	157.5	149	80
18	1	6	5	0	0	0	0	0	0	0	2.5	2	2.83333333333333	1	1	1	906	1038	370
14	0	2	2	0	0	-99	-99	-99	-99	-99	-99	-99	-99	0	0	0	-99	-99	-99
12	1	4	4	0	0	0	-99	-99	-99	-99	-99	-99	-99	0	0	0	-99	-99	-99
3	1	6	6	0	0	0.333333333333333	1	1	0	0	3	2	2.5	1	1	1	1489	749	288
4	1	2	2	0	0	0	-99	-99	-99	-99	-99	-99	-99	0	0	0	-99	-99	-99
8	1	6	6	0	0	0	0	0	0	0	2.75	1	2.33333333333333	1	1	1	581	482	428
16	1	5	5	0	0	0.166666666666667	0	0	0	1	2.5	2	2.5	1	5	3	482	220	254.666666666667
11	0	2	1	0	0	0	-99	0	0	2	3	2	2.66666666666667	0	2	1	-99	125.5	458
11	0	2	1	0	0	0	0	0	0	1	2.5	1	2.83333333333333	1	1	1	250	195	210
9	0	2	4	0	0	0	0.25	0	0	1	3	2	2	4	3	1	203.5	200.666666666667	477
15	1	6	6	0	0	0	0	0	0	1	2.75	2	2	6	6	5	156.666666666667	148.166666666667	246.4
15	1	6	6	0	0	0	0	0	0	0	2.75	2	2.66666666666667	4	5	1	274.25	281.8	288
9	0	2	4	0	0	0	1	0.166666666666667	0.428571428571429	3	2.5	2	2.16666666666667	1	6	7	472	222.666666666667	321.428571428571
4	1	2	2	0	0	0	0.333333333333333	0.5	0.333333333333333	0	3	2	3	3	2	3	277.666666666667	340.5	419
18	1	6	5	0	0	0	0	-99	0	3	2.25	2	2	1	0	4	932	-99	245.5
1	0	6	6	0	0	0	-99	0	0	0	2	2	1.5	0	3	3	-99	165.333333333333	75
11	0	2	1	0	0	0	0	0	0	3	2	2	2.16666666666667	2	1	2	344.5	619	285
17	1	6	5	0	0	0	1	-99	1	2	2.75	2	2.66666666666667	2	0	1	443.5	-99	565
20	1	3	3	0	0	0	0	0	0	3	3.75	2	3.16666666666667	1	13	3	1849	235.076923076923	322
3	1	6	6	0	0	0	1	0.333333333333333	0	0	2.5	2	2.33333333333333	1	3	1	525	155.333333333333	520
1	0	6	6	0	0	0	1	1	0	1	3	2	2.66666666666667	1	1	1	234	456	268
3	1	6	6	1	0	-99	1	1	0	3	3	2	3	1	1	1	1136	586	733
19	0	6	5	0	0	0	-99	-99	-99	0	-99	2	-99	0	0	0	-99	-99	-99
19	0	6	5	0	0	0	0	0	0	1	3	2	2.83333333333333	3	2	1	463.333333333333	464.5	687
15	1	6	6	0	0	0	-99	0	0	0	1.75	2	1.66666666666667	0	2	1	-99	95	163
3	1	6	6	0	0	0	0	0	0.142857142857143	3	2.75	2	2.66666666666667	8	11	7	31.25	42.6363636363636	42.5714285714286
6	0	3	2	0	0	0	0	0	0	0	2.25	2	3	2	2	1	110	76.5	108
1	0	6	6	0	0	0	1	0	1	0	2.75	1	2.5	1	1	1	455	200	444
3	1	6	6	0	0	0	0	0	0	0	2.25	2	1.83333333333333	1	1	1	382	291	345
15	1	6	6	0	0	0	-99	-99	-99	2	-99	2	-99	0	0	0	-99	-99	-99
21	0	4	2	0	0	-99	-99	-99	-99	-99	-99	-99	-99	0	0	0	-99	-99	-99
15	1	6	6	0	0	0	0	0	0	3	3	2	2.16666666666667	3	1	1	253.333333333333	456	304
9	0	2	4	0	-99	1	1	0.333333333333333	0.5	1	3	2	2	3	3	2	153	138.666666666667	201
12	1	4	4	0	0	0	0	1	0	0	2	2	2.66666666666667	1	1	1	917	653	521
19	0	6	5	0	0.125	0	-99	-99	-99	3	-99	2	-99	0	0	0	-99	-99	-99
13	0	6	6	0.25	0	0	0	0	0	1	2	2	2.16666666666667	2	1	1	333.5	99	92
18	1	6	5	0	0	-99	-99	-99	-99	-99	-99	-99	-99	0	0	0	-99	-99	-99
13	0	6	6	0	0	0	-99	-99	-99	2	-99	2	-99	0	0	0	-99	-99	-99
4	1	2	2	0	-99	-99	0.25	0	0	1	3.25	2	2.33333333333333	4	2	3	176.25	195	37
8	1	6	6	0.166666666666667	0	0	0	0.142857142857143	0.166666666666667	0	2.75	1	3.16666666666667	5	7	6	404.6	236.571428571429	87
9	0	2	4	0	-99	-99	0	-99	-99	0	2.75	2	2.5	1	0	0	468	-99	-99
12	1	4	4	0	0	0	-99	-99	-99	-99	-99	-99	-99	0	0	0	-99	-99	-99
10	1	4	3	0	0	0	-99	-99	-99	-99	-99	-99	-99	0	0	0	-99	-99	-99
3	1	6	6	0	0	0	0.666666666666667	1	0	3	2	2	2.66666666666667	3	2	2	526.333333333333	986	156
5	0	3	2	0	0	0	-99	-99	-99	-99	-99	-99	-99	0	0	0	-99	-99	-99
10	1	4	3	-99	-99	-99	-99	-99	-99	-99	-99	-99	-99	0	0	0	-99	-99	-99
5	0	3	2	0	0	0	0	0	0	0	2.25	2	1.83333333333333	1	4	5	300	99.25	136.6
16	1	5	5	0	0	0	0	-99	0	0	3	2	3	1	0	1	96	-99	125
-99	-99	-99	-99	0	0	0	-99	-99	-99	-99	-99	-99	-99	0	0	0	-99	-99	-99
1	0	6	6	0	0	0	0	0	0	3	3	2	2.33333333333333	2	2	1	305	354	406
7	1	6	6	0	0	-99	0.5	1	0.5	2	2.75	2	2.66666666666667	2	2	2	527.5	507.5	98
2	0	6	6	0	0	0	0	0	0	0	2	1	2.16666666666667	1	2	4	987	605.5	219
6	0	3	2	0	0	0	0.142857142857143	0.25	0.25	2	2.5	2	2.33333333333333	7	4	4	145.428571428571	128.75	129
17	1	6	5	0	-99	-99	0	-99	-99	3	3.75	2	3.16666666666667	1	0	0	693	-99	-99
9	0	2	4	-99	0	0	1	0.4	0.666666666666667	3	2.5	2	2.5	1	5	6	489	168	147.4
8	1	6	6	0	0.2	-99	0.75	1	0	2	3.25	2	2.5	4	2	3	1227	1877	191
8	1	6	6	0	0	0	1	0.5	1	3	2.75	2	3.16666666666667	2	2	1	814.5	414	771
15	1	6	6	0	0	0	0	0	0	0	2	2	1.33333333333333	2	1	4	110	310	55
21	0	4	2	0	0	0	0	0	0	0	1.75	2	1.16666666666667	3	3	2	153.666666666667	107.666666666667	89.5
11	0	2	1	0	0	0	0	0	0	3	3.75	2	2.83333333333333	3	6	1	424.666666666667	339.5	510
4	1	2	2	0	0	0	-99	-99	-99	-99	-99	-99	-99	0	0	0	-99	-99	-99
8	1	6	6	0	0	0	-99	-99	-99	-99	-99	-99	-99	0	0	0	-99	-99	-99
20	1	3	3	0	0	0	-99	-99	-99	0	2	2	2	0	0	0	-99	-99	-99
2	0	6	6	0	0	0	0.5	0	0	0	3	1	2.5	2	1	1	357	432	218
15	1	6	6	0	0	0	0	0	0	0	3.5	2	2.66666666666667	4	4	4	131.75	95.5	115
9	0	2	4	0	0	0	1	0	0	0	2.5	2	2.33333333333333	1	1	1	142	130	117
6	0	3	2	0	0	0	0	0	0	0	3.75	2	1.5	4	2	2	56.25	201	149.5
6	0	3	2	0	0	0.5	1	0	0	1	3	2	2.66666666666667	1	3	3	252	158.333333333333	76
13	0	6	6	0	0	0	0.25	0	0	1	3	2	2.83333333333333	4	4	5	222.75	222.25	161.333333333333
10	1	4	3	0	0	0	0	0.166666666666667	0	0	2.25	2	2.33333333333333	5	6	3	449	390.166666666667	433
10	1	4	3	0	0	0	-99	-99	-99	-99	-99	-99	-99	0	0	0	-99	-99	-99
15	1	6	6	0	0	0	0	1	0	1	2	2	2.5	1	1	2	1045	919	219
20	1	3	3	0	0	0	0	0	0	1	3.25	2	2.33333333333333	2	3	2	441	292.666666666667	114
17	1	6	5	0	0	0	-99	-99	-99	-99	-99	-99	-99	0	0	0	-99	-99	-99
7	1	6	6	0	0	0	0	0	0	3	3	2	2.5	2	3	3	321	165.666666666667	102
10	1	4	3	0	0	-99	-99	-99	-99	0	1	2	1	0	0	0	-99	-99	-99
16	1	5	5	0	0	0	-99	-99	-99	-99	-99	-99	-99	0	0	0	-99	-99	-99
1	0	6	6	0	0	0	1	-99	-99	3	3	2	3.66666666666667	2	0	0	487.5	-99	-99
14	0	2	2	0	0	0	0	0	0	0	3	2	2.16666666666667	7	5	5	132.714285714286	308.2	171.2
14	0	2	2	1	0	0	0.142857142857143	0	0	0	3	1	2.8	7	3	5	221.142857142857	404.666666666667	99
14	0	2	2	0	0	0	-99	-99	-99	-99	-99	-99	-99	0	0	0	-99	-99	-99
11	0	2	1	0	0	0	0	0	0	1	3	2	2.66666666666667	1	1	1	396	262	288
21	0	4	2	0	0	0	-99	-99	-99	-99	-99	-99	-99	0	0	0	-99	-99	-99
19	0	6	5	0	0	0	-99	-99	-99	-99	-99	-99	-99	0	0	0	-99	-99	-99
1	0	6	6	0	0	0	1	0.5	0	3	3	2	3.16666666666667	1	2	1	141	99.5	436
6	0	3	2	0	0	0	0	0.5	0	1	2.25	2	3	4	2	2	401.25	437.5	148
5	0	3	2	1	0	0	-99	-99	-99	-99	-99	-99	-99	0	0	0	-99	-99	-99
2	0	6	6	0	0.142857142857143	0	0	0.5	0	0	3	2	2	1	2	1	44	208.5	48
3	1	6	6	0	0	0	-99	-99	-99	-99	-99	-99	-99	0	0	0	-99	-99	-99
9	0	2	4	-99	0	0	0	0	0	1	2.75	1	2.33333333333333	4	1	3	229.5	457	93
8	1	6	6	1	0	0	-99	-99	-99	-99	-99	-99	-99	0	0	0	-99	-99	-99
5	0	3	2	0	0	0	0	0	0	2	2.5	2	3.33333333333333	4	2	1	116	186.5	183
16	1	5	5	0	0	0	0	0	0	1	3.25	1	3.16666666666667	2	5	3	605.5	179.6	294
4	1	2	2	0	0	0	0	0	0	0	3	2	2.83333333333333	2	2	1	280.5	233.5	142
17	1	6	5	0	0	0	0	0.2	0	3	2.5	2	2.83333333333333	2	5	1	256	110.2	95
17	1	6	5	0	1	0.5	0.5	0.5	0.2	3	3	2	2.83333333333333	4	4	5	393	234.75	281
10	1	4	3	0	0	0	-99	-99	-99	1	3	1	2	0	0	0	-99	-99	-99
3	1	6	6	0	0	0	1	1	1	0	2.75	2	2.16666666666667	3	1	2	288.333333333333	677	285.5
9	0	2	4	1	0	0	0	0.333333333333333	0	1	2.75	2	2.83333333333333	1	3	1	518	85.3333333333333	214
6	0	3	2	0	0	0	0.666666666666667	0.666666666666667	1	0	2.75	2	2.4	3	3	1	155.333333333333	202	258
16	1	5	5	0	1	0	-99	-99	-99	-99	-99	-99	-99	0	0	0	-99	-99	-99
15	1	6	6	0	0	0	0	0	0	0	3.25	2	2.33333333333333	1	3	1	872	396	760
3	1	6	6	0	0	0	1	-99	0	0	3.5	1	4	2	0	1	1022.5	-99	671
20	1	3	3	0	0	-99	-99	0	0	1	2.75	1	3.5	0	1	1	-99	375	209
20	1	3	3	-99	0	0	0.2	0	0	3	3	2	2.83333333333333	5	2	1	601.8	657	778
4	1	2	2	0	0	0	0	0	0	0	2.25	2	1.16666666666667	1	1	3	307	405	79
15	1	6	6	0	0	0	0	-99	-99	1	1.75	0	1	1	0	0	155	-99	-99
16	1	5	5	-99	0	0	-99	0	-99	0	2.75	1	1.83333333333333	0	1	0	-99	90	-99
14	0	2	2	0	0	0	0	0	0.333333333333333	3	2.25	2	2.33333333333333	3	3	3	203.333333333333	353.666666666667	397.666666666667
13	0	6	6	0	0	0	0	0	0	0	1.5	1	2	3	1	1	328.666666666667	375	382
11	0	2	1	0	0	0	0	0	0	1	3	1	2.66666666666667	1	1	1	301	147	131
3	1	6	6	1	0	0	-99	-99	-99	-99	-99	-99	-99	0	0	0	-99	-99	-99
8	1	6	6	1	0	0	1	1	1	3	3.5	2	2.5	1	1	1	1052	1021	954
21	0	4	2	1	0	0	-99	-99	-99	-99	-99	-99	-99	0	0	0	-99	-99	-99
16	1	5	5	0	0	0	-99	-99	-99	0	2.75	2	2.5	0	0	0	-99	-99	-99
20	1	3	3	0	0	0	0.5	0	1	2	3	2	2.66666666666667	6	1	1	170.166666666667	818	607
4	1	2	2	0	0	0	1	1	1	0	3	2	2.83333333333333	3	1	1	493	959	1137
-99	-99	-99	-99	-99	-99	-99	-99	-99	-99	-99	-99	-99	-99	0	0	0	-99	-99	-99
20	1	3	3	0	0	0	1	1	0	3	3	2	2.66666666666667	3	1	1	442.333333333333	958	337
7	1	6	6	0.125	0	0	0	0	0	0	2.75	2	2.16666666666667	2	2	3	163	96	103.333333333333
19	0	6	5	0	0	0	-99	0	0	1	3.75	2	3.33333333333333	0	1	1	-99	902	659
20	1	3	3	0	0	0	1	0	0	3	3.75	2	3	3	1	2	297	532	438
21	0	4	2	0	0	0	0	0	0	0	2	2	1.66666666666667	2	1	1	401	481	493
4	1	2	2	0	0	0	-99	-99	-99	-99	-99	-99	-99	0	0	0	-99	-99	-99
14	0	2	2	0	0	0	0	0	0	1	2.75	1	2.33333333333333	6	5	3	767.666666666667	882.8	828
12	1	4	4	0	0	0	0	0	0	1	2.75	2	2.5	4	6	3	199.5	103.833333333333	110
6	0	3	2	0	0	0	0	0	-99	0	2	2	2	1	1	0	175	169	-99
20	1	3	3	0	0	0	0	1	0	0	2	2	2.66666666666667	1	1	1	384	407	476
7	1	6	6	0	0	0	1	1	1	3	3	2	3	1	1	1	1278	1142	883
13	0	6	6	0	-99	-99	-99	-99	-99	-99	-99	-99	-99	0	0	0	-99	-99	-99
11	0	2	1	0	0	0	0	0	0	0	2.5	2	2.83333333333333	1	2	2	274	202.5	223
8	1	6	6	-99	-99	-99	-99	-99	-99	-99	-99	-99	-99	0	0	0	-99	-99	-99
2	0	6	6	0	0	0	0	0	0	2	2	1	2.33333333333333	1	1	1	453	342	182
6	0	3	2	0	0	-99	-99	-99	-99	-99	-99	-99	-99	0	0	0	-99	-99	-99
14	0	2	2	0	0	0	0	0	0	1	3	1	2.33333333333333	1	1	1	355	244	343
14	0	2	2	0	0	0	0	0	0	0	2.25	2	2.33333333333333	1	1	3	617	696	519
14	0	2	2	-99	0	0	0	0	0	0	2	2	2.66666666666667	2	2	3	203.5	207.5	349.333333333333
20	1	3	3	1	0	0	0.5	1	0	3	3.75	2	3.33333333333333	6	1	5	139.333333333333	409	76
21	0	4	2	0	0.166666666666667	0	0	0	0	3	3.5	2	2.66666666666667	4	4	3	222.75	166.75	278.666666666667
1	0	6	6	0	0	0	-99	-99	-99	-99	-99	-99	-99	0	0	0	-99	-99	-99
16	1	5	5	0	0	0	0	1	1	0	2.25	2	1.5	1	2	1	1120	698.5	727
14	0	2	2	0	0	0	0	0	0	3	4	2	3.33333333333333	1	1	1	544	220	385
5	0	3	2	0	0	0	-99	-99	-99	-99	-99	-99	-99	0	0	0	-99	-99	-99
20	1	3	3	0	0.333333333333333	0	-99	-99	-99	-99	-99	-99	-99	0	0	0	-99	-99	-99
6	0	3	2	1	0	0	-99	-99	-99	-99	-99	-99	-99	0	0	0	-99	-99	-99
15	1	6	6	-99	0	-99	-99	-99	-99	-99	-99	-99	-99	0	0	0	-99	-99	-99
11	0	2	1	0	0	0	1	1	0	0	2	2	2.33333333333333	1	1	3	630	413	104
10	1	4	3	0	0	0	-99	0	0	0	2.5	2	1.83333333333333	0	3	1	-99	115.666666666667	149
13	0	6	6	0	0	0	0.5	0.25	0	3	2.25	2	3.33333333333333	2	8	2	284	183.75	370
10	1	4	3	0	0	0	0	0	0	3	3.25	2	2.33333333333333	1	2	2	2183	1062	505
11	0	2	1	1	0	0	0	0	0	1	2.75	2	2.83333333333333	1	1	1	398	412	459
16	1	5	5	0	1	-99	0	1	0	1	3.5	2	2.5	1	1	4	715	504	114
3	1	6	6	0	0	0	0	1	0	0	3	2	3.16666666666667	1	1	1	498	478	498
16	1	5	5	0	0	0	0	0	0	0	1	1	1	1	1	1	109	156	95
17	1	6	5	0	0	0	0	0.7	0.5	2	3	2	2.66666666666667	1	10	4	866	150.9	151.75
18	1	6	5	-99	-99	-99	-99	-99	-99	-99	-99	-99	-99	0	0	0	-99	-99	-99
2	0	6	6	0	0	0	-99	-99	-99	-99	-99	-99	-99	0	0	0	-99	-99	-99
18	1	6	5	0	0	0	0	0	0	0	3.75	2	2.5	3	8	3	337.666666666667	230.25	178
20	1	3	3	-99	-99	-99	-99	-99	-99	-99	-99	-99	-99	0	0	0	-99	-99	-99
13	0	6	6	0	0	0	1	0	0	2	3	2	3	1	1	3	1006	872	178
5	0	3	2	0.5	0	0	-99	-99	-99	-99	-99	-99	-99	0	0	0	-99	-99	-99
5	0	3	2	-99	-99	-99	1	0	0	0	2	2	1.83333333333333	1	2	1	779	436	683
15	1	6	6	0	0	0	1	1	1	3	4	2	2.83333333333333	3	1	1	350.333333333333	549	370
1	0	6	6	0	0	0	1	1	1	0	2.25	2	1.83333333333333	2	2	1	704	721	793
14	0	2	2	0	0	0	1	1	0	1	2.75	2	2.33333333333333	1	2	2	464	415.5	441
9	0	2	4	0	0	0	0	0.142857142857143	0.333333333333333	3	2.75	2	2.66666666666667	4	7	3	127	58.4285714285714	51.3333333333333
11	0	2	1	0	0	0	-99	0	0.666666666666667	2	3.25	2	2.83333333333333	0	1	3	-99	1118	464
19	0	6	5	0	0	0	0.25	0	0	3	3	1	2.5	4	1	1	378.5	761	456
14	0	2	2	0	0	0	0	0	0	0	2.5	2	1.16666666666667	2	8	4	23.5	42.75	47.5
8	1	6	6	0	0	0	-99	-99	-99	-99	-99	-99	-99	0	0	0	-99	-99	-99
16	1	5	5	0	0	0.2	0.666666666666667	0.5	0	3	3.25	2	3.33333333333333	3	2	2	509	473.5	241
4	1	2	2	0	-99	-99	0	0	0	0	2	1	1.66666666666667	5	1	2	240.6	757	98.5
18	1	6	5	0.125	0	0	0.25	0	0	0	2	2	3.16666666666667	4	4	4	217.25	213.75	244.75
19	0	6	5	0	0	0	0.5	1	0	0	3	2	2.83333333333333	2	1	1	477.5	881	580
17	1	6	5	0	-99	-99	-99	-99	-99	-99	-99	-99	-99	0	0	0	-99	-99	-99
17	1	6	5	0	0	0	0.5	0.333333333333333	0	1	3	2	2.33333333333333	2	6	5	474	242	206.8
5	0	3	2	0	0	0	0.166666666666667	0	0	0	4	2	1.5	6	1	1	123.833333333333	307	328
17	1	6	5	0	0	0	0.916666666666667	0.6	0.9	3	2.75	2	1.83333333333333	12	5	10	120.416666666667	143	45
7	1	6	6	-99	-99	-99	-99	-99	-99	-99	-99	-99	-99	0	0	0	-99	-99	-99
2	0	6	6	0	0	0	1	0	0.5	2	3	1	2.33333333333333	2	1	4	394	336	237
12	1	4	4	0	0	0	0	0	0	2	2.75	1	1.83333333333333	1	1	1	465	738	524
-99	-99	-99	-99	0	1	0	0	0	0	-99	-99	-99	-99	1	1	1	2593	751	1551
2	0	6	6	-99	0	0	-99	-99	-99	-99	-99	-99	-99	0	0	0	-99	-99	-99
2	0	6	6	0	0	0	1	1	1	1	3	2	2.83333333333333	1	4	1	1042	267.5	972
2	0	6	6	-99	-99	-99	-99	-99	-99	-99	-99	-99	-99	0	0	0	-99	-99	-99
5	0	3	2	0	0	0	0	0	0.2	0	3.75	2	2.66666666666667	8	7	5	233.75	156.571428571429	105.6
17	1	6	5	0	-99	-99	0.333333333333333	0	1	3	3	2	3.5	3	3	1	331	360.666666666667	1006
12	1	4	4	0	0	0	-99	0	-99	3	2.75	2	2.5	0	1	0	-99	341	-99
7	1	6	6	-99	0	0	1	-99	1	3	3	2	3.33333333333333	1	0	1	591	-99	491
14	0	2	2	0	0	0	0	0	0	1	2.5	1	1.83333333333333	2	3	2	206	263.666666666667	254.5
7	1	6	6	0.2	-99	-99	0	0	-99	3	2.75	2	2.5	1	1	0	1087	952	-99
1	0	6	6	0	0	0	1	1	1	1	2	2	2.16666666666667	1	1	1	1258	427	476
13	0	6	6	0	0	0	0	0	-99	0	2.5	2	2.5	1	1	0	250	300	-99
18	1	6	5	0	0	0	1	1	1	0	1.25	2	2.16666666666667	8	4	3	749.75	650.75	208.333333333333
8	1	6	6	0	0	0	0	0	-99	0	2.75	2	2.83333333333333	2	2	0	164	201	-99
20	1	3	3	0	0	0	0	0	0	0	3	2	3	2	2	1	392.5	244.5	201
12	1	4	4	0	0	0	-99	-99	-99	-99	-99	-99	-99	0	0	0	-99	-99	-99
10	1	4	3	0.5	0	0	0	0	0	0	1.75	2	2.33333333333333	1	1	1	704	575	301
19	0	6	5	0	0	0	-99	-99	-99	-99	-99	-99	-99	0	0	0	-99	-99	-99
4	1	2	2	0	0	0	0	0.333333333333333	0	3	2.75	2	2.16666666666667	1	3	2	558	305	281.5
4	1	2	2	0	0	0	0	0	0	0	1.75	2	1.83333333333333	1	6	3	1169	142.833333333333	144
15	1	6	6	0	0	0	0	0	0	0	1.25	2	1.83333333333333	1	1	1	812	811	847
4	1	2	2	1	0	1	1	0.2	0	1	3	2	2.83333333333333	1	5	1	193	130.6	735
7	1	6	6	0	0	0	1	1	1	3	3	1	2.66666666666667	1	1	1	1709	1427	1420
12	1	4	4	0	0	0	0.333333333333333	0	0	3	2	2	2.33333333333333	3	3	3	112.333333333333	151.333333333333	127
19	0	6	5	1	0.5	1	-99	-99	-99	-99	-99	-99	-99	0	0	0	-99	-99	-99
4	1	2	2	0	0	0	-99	-99	0	1	3	2	2.5	0	0	1	-99	-99	723
3	1	6	6	0	0	0	1	1	0	0	3	2	2	1	1	1	316	310	172
7	1	6	6	0	0	0	1	0	0	2	3.5	2	3.5	1	2	1	1697	313	522
6	0	3	2	0.111111111111111	0	0	-99	-99	-99	-99	-99	-99	-99	0	0	0	-99	-99	-99
10	1	4	3	0	0	0	1	0	0	0	2.25	2	1.5	1	1	1	236	726	333
12	1	4	4	0	0	0	-99	-99	-99	-99	-99	-99	-99	0	0	0	-99	-99	-99
6	0	3	2	1	0	0	-99	-99	-99	-99	-99	-99	-99	0	0	0	-99	-99	-99
3	1	6	6	0	0	1	-99	-99	-99	-99	-99	-99	-99	0	0	0	-99	-99	-99
8	1	6	6	1	0	-99	1	-99	-99	0	2.25	2	1.66666666666667	1	0	0	204	-99	-99
13	0	6	6	0	0	0	-99	-99	-99	0	-99	2	-99	0	0	0	-99	-99	-99
17	1	6	5	0	0	0	-99	-99	-99	0	2.5	2	1.5	0	0	0	-99	-99	-99
21	0	4	2	0	0	0	0	0	0	1	3	2	2.5	4	1	1	327.75	1038	545
12	1	4	4	0	0	0	0	0.166666666666667	0	3	2.75	2	2.5	8	6	1	316.25	268.333333333333	1209
10	1	4	3	0	0	0	0	0	0	0	2.75	2	2.16666666666667	6	1	1	179.166666666667	210	160
14	0	2	2	0	0	0	0	0.2	0	0	2.5	2	2.33333333333333	6	5	5	136.166666666667	164.2	106.6
19	0	6	5	0	0	0	-99	-99	-99	-99	-99	-99	-99	0	0	0	-99	-99	-99
21	0	4	2	0	0	0	0	0	0	3	1.25	2	1.33333333333333	1	1	1	989	3137	1798
1	0	6	6	0	0	0	-99	-99	-99	-99	-99	-99	-99	0	0	0	-99	-99	-99
13	0	6	6	0	0	0	0	0	0	0	1.75	2	2.16666666666667	2	1	1	151	156	155
2	0	6	6	0	0.5	1	1	1	1	1	3	2	3	2	1	1	543	1151	618
15	1	6	6	0	0	0.142857142857143	0.333333333333333	0.142857142857143	0.333333333333333	0	2	2	2.33333333333333	3	7	3	213	307	171.333333333333
18	1	6	5	0	0	0	0.25	0.25	0	3	3	2	2	4	4	2	336.75	349.5	281
12	1	4	4	0	0	0	0.5	0	1	0	2.25	2	2.66666666666667	2	2	1	172.5	358.5	470
8	1	6	6	0	0	0	1	1	1	3	4	2	3.83333333333333	3	1	1	695.333333333333	1273	1058
9	0	2	4	0	0	0	0	1	0.5	3	4	1	3.5	1	1	2	588	635	177
16	1	5	5	0	0	0	0	0	0	0	3	2	2.83333333333333	3	1	1	290	782	418
7	1	6	6	-99	-99	-99	-99	-99	-99	3	-99	2	-99	0	0	0	-99	-99	-99
2	0	6	6	0.142857142857143	0	0.2	-99	1	0.5	2	2.75	2	3	0	2	2	-99	732	931
10	1	4	3	0	0	0	0.5	0	0	3	2	2	2.33333333333333	2	1	1	307.5	436	548
6	0	3	2	0	0	0	0	0	0.5	0	1.5	2	2.33333333333333	3	1	2	143	373	160
2	0	6	6	0	0	0	1	1	1	0	4	2	1.8	1	1	1	399	705	634
7	1	6	6	0	0	0	0	0	0	3	4	2	3	1	1	1	798	1031	835
10	1	4	3	0	0	0	0	0	0	0	2.25	1	1.83333333333333	1	1	1	1059	1369	592
17	1	6	5	0	0	0.666666666666667	1	1	0.25	3	2.75	2	3	3	4	4	374	266.75	218.5
3	1	6	6	0	0	-99	-99	-99	-99	-99	-99	-99	-99	0	0	0	-99	-99	-99
8	1	6	6	0	0	0	1	1	1	3	2.25	2	2.83333333333333	1	1	1	547	491	491
13	0	6	6	-99	-99	-99	-99	-99	-99	-99	-99	-99	-99	0	0	0	-99	-99	-99
17	1	6	5	0	0	-99	-99	-99	-99	0	1	2	1	0	0	0	-99	-99	-99
21	0	4	2	-99	-99	-99	-99	-99	-99	-99	-99	-99	-99	0	0	0	-99	-99	-99
-99	-99	-99	-99	0	0	0	-99	-99	-99	-99	-99	-99	-99	0	0	0	-99	-99	-99
17	1	6	5	0	0	0	-99	-99	-99	-99	-99	-99	-99	0	0	0	-99	-99	-99
17	1	6	5	0	0	0	0	0	0	2	3.5	2	2.33333333333333	4	3	2	151.75	207.333333333333	318
14	0	2	2	0	0	0	0.166666666666667	0	0	0	2	1	2.83333333333333	6	4	4	274.333333333333	228.75	265
15	1	6	6	0	0	0	0	0	-99	1	3.25	2	2.5	3	2	0	349.666666666667	1024	-99
4	1	2	2	0	0	0	-99	-99	-99	-99	-99	-99	-99	0	0	0	-99	-99	-99
13	0	6	6	0	0	0	0	0	0	2	3	2	2.66666666666667	1	1	1	452	221	100
14	0	2	2	0	0	0	0	0	0	1	2	2	3	1	1	2	419	237	196
9	0	2	4	0	0	0	1	1	0.8	3	2.75	2	2.5	7	6	5	72.8571428571429	184.333333333333	96.4
9	0	2	4	0.2	0	0	0.666666666666667	0.571428571428571	0	3	2.75	2	2	6	7	6	163.166666666667	163.714285714286	122.166666666667
15	1	6	6	0	0	0	0.142857142857143	1	0	0	3	2	2.66666666666667	7	1	1	163.428571428571	880	795
19	0	6	5	0	0	0	1	-99	-99	2	3	2	2.33333333333333	1	0	0	1511	-99	-99
11	0	2	1	0	0	0	-99	-99	-99	-99	-99	-99	-99	0	0	0	-99	-99	-99
7	1	6	6	0.2	0	0	0.166666666666667	-99	-99	3	3	2	3.5	6	0	0	103	-99	-99
14	0	2	2	0	0	0	-99	0	0	2	3	2	2.5	0	3	3	-99	907.333333333333	481.5
7	1	6	6	0	0	0	-99	0.666666666666667	1	0	2	2	2.33333333333333	0	3	1	-99	618.666666666667	1015
4	1	2	2	0	-99	0	0	-99	-99	0	2.5	1	2	3	0	0	132.666666666667	-99	-99
14	0	2	2	-99	0	0	-99	-99	-99	-99	-99	-99	-99	0	0	0	-99	-99	-99
5	0	3	2	0	0	0	0	0	0	3	3.5	2	2.83333333333333	1	1	1	754	567	666
21	0	4	2	0	0	0	0	1	0	2	-99	2	3.83333333333333	1	1	3	154	289	74
15	1	6	6	0	0	0	-99	-99	-99	0	2	2	1	0	0	0	-99	-99	-99
11	0	2	1	0	0	0	-99	1	0	2	2.75	2	2.5	0	1	2	-99	1063	225
6	0	3	2	-99	-99	-99	-99	-99	-99	-99	-99	-99	-99	0	0	0	-99	-99	-99
-99	-99	-99	-99	0	0	-99	-99	-99	-99	-99	-99	-99	-99	0	0	0	-99	-99	-99
7	1	6	6	0	0	0	-99	-99	-99	-99	-99	-99	-99	0	0	0	-99	-99	-99
2	0	6	6	0.333333333333333	0	0	0	0.5	0	0	3	1	1.83333333333333	4	4	3	117.25	89.5	168.333333333333
2	0	6	6	0	0	0	-99	-99	-99	-99	-99	-99	-99	0	0	0	-99	-99	-99
5	0	3	2	0	0	0	0	0	0	3	3	2	2.83333333333333	1	1	2	260	279	197
20	1	3	3	0	0	0	-99	-99	-99	-99	-99	-99	-99	0	0	0	-99	-99	-99
8	1	6	6	0	0	0	1	1	1	0	3.25	2	3	1	1	1	1031	1329	1124
6	0	3	2	0	0	0	0	0	0	1	2.25	2	1.83333333333333	1	3	1	746	200.666666666667	383
2	0	6	6	0	0	0	0.4	0	0.5	1	3	2	2.66666666666667	5	2	2	237	708.5	735
11	0	2	1	0	0	0	0.8	0.75	0.166666666666667	1	1.75	2	2	5	4	6	297.2	280	128.833333333333
7	1	6	6	0	0	0	1	0.666666666666667	1	1	3.25	2	2	1	3	4	485	110.666666666667	38
3	1	6	6	0	0	0	1	1	1	2	2.25	2	2.83333333333333	4	3	2	451.75	580	550.5
14	0	2	2	0	0	0	-99	-99	-99	-99	-99	-99	-99	0	0	0	-99	-99	-99
2	0	6	6	0	1	0	-99	-99	-99	-99	-99	-99	-99	0	0	0	-99	-99	-99
11	0	2	1	0	0	0	0	0.5	0.5	3	3	2	2.83333333333333	4	2	2	228.5	503.5	235
12	1	4	4	0	0	0	-99	-99	-99	-99	-99	-99	-99	0	0	0	-99	-99	-99
16	1	5	5	1	0	0	1	0	0	3	2.5	2	3.33333333333333	1	1	1	456	367	341
3	1	6	6	0	0.5	0	0.714285714285714	0	0	0	2.25	2	2.83333333333333	7	5	3	218.142857142857	276	499.333333333333
5	0	3	2	0	0	0	0	0.666666666666667	0	3	3	2	2.66666666666667	3	3	2	245.333333333333	143.333333333333	80
6	0	3	2	0	0	0	-99	-99	-99	-99	-99	-99	-99	0	0	0	-99	-99	-99
1	0	6	6	0	0	0.5	-99	-99	-99	-99	-99	-99	-99	0	0	0	-99	-99	-99
1	0	6	6	0	0	0	0	0	1	0	2.75	1	2.33333333333333	1	1	1	469	450	416
8	1	6	6	0	-99	-99	-99	-99	-99	-99	-99	-99	-99	0	0	0	-99	-99	-99
6	0	3	2	0	0	0	-99	-99	-99	-99	-99	-99	-99	0	0	0	-99	-99	-99
2	0	6	6	0	0	0	0.5	1	0	1	3	2	3.83333333333333	2	1	2	346.5	678	507
6	0	3	2	0	0	-99	-99	-99	-99	-99	-99	-99	-99	0	0	0	-99	-99	-99
11	0	2	1	-99	-99	-99	-99	-99	-99	-99	-99	-99	-99	0	0	0	-99	-99	-99
5	0	3	2	0	0	0	1	0	0	3	2.25	2	3.33333333333333	3	3	3	312.666666666667	289.333333333333	356
15	1	6	6	0	0	0	0	0	0	0	2.25	1	2	1	2	2	214	186.5	178.5
2	0	6	6	0.25	0	0	1	1	1	0	2.25	2	2.5	1	1	1	576	484	675
4	1	2	2	0	0	0	0.5	1	0.5	3	3	1	2.66666666666667	2	2	2	317	309	179
17	1	6	5	0	0	0	0	0	0.5	1	3	2	2.5	3	3	2	198.666666666667	186.333333333333	226
13	0	6	6	0	0	0	0	0	0	0	2.25	2	2	1	1	1	756	798	743
2	0	6	6	0	0	0	-99	-99	-99	-99	-99	-99	-99	0	0	0	-99	-99	-99
13	0	6	6	0.1	0.142857142857143	0	0.333333333333333	0	0	1	3	2	3.16666666666667	6	4	4	263.833333333333	312.5	205.75
6	0	3	2	0	0	0	0.25	0	0	0	3.25	1	3.16666666666667	4	4	2	155.75	107.25	167
11	0	2	1	0	0	0	0	0	0	3	1	2	1	1	1	1	603	523	332
19	0	6	5	0	0	0	0	0	0	2	3.5	2	3.16666666666667	2	1	1	563	869	640
20	1	3	3	0	0	0	0	0	0.25	3	3	2	2	5	1	4	275.8	825	194
6	0	3	2	0	0	0	0	0	0	1	3	1	2	3	12	4	182	122.083333333333	97.5
17	1	6	5	0	0	0	0.25	0	0	1	4	2	3	4	2	1	216.25	280.5	440
2	0	6	6	0	0	0	-99	-99	-99	-99	-99	-99	-99	0	0	0	-99	-99	-99
3	1	6	6	0	0	0	0	0.666666666666667	0	3	4	1	2.33333333333333	2	3	1	707	446.333333333333	406
4	1	2	2	0.333333333333333	0	0	1	0	0	2	2.5	2	2.66666666666667	1	4	1	957	149.25	496
13	0	6	6	0	0	0	-99	0	0	0	2.25	1	1.83333333333333	0	1	2	-99	421	153.5
16	1	5	5	0	0	0	-99	-99	-99	-99	-99	-99	-99	0	0	0	-99	-99	-99
1	0	6	6	0	0	0	1	0.5	1	3	2.5	2	3.5	1	2	1	682	393.5	404
18	1	6	5	0	0	0.166666666666667	1	1	1	0	2	2	1.83333333333333	3	1	1	610	694	390
17	1	6	5	0	0	0	0.5	0	0	1	2.75	1	2.83333333333333	2	2	1	226.5	256	256
12	1	4	4	0	0	0	0	0	0	2	3	1	2	1	3	1	617	161.333333333333	414
18	1	6	5	0	0	0	-99	1	0	3	4	2	3.83333333333333	0	1	1	-99	422	366
2	0	6	6	0	0	0	0.857142857142857	1	1	0	2.25	1	2.5	7	4	3	620.571428571429	515.5	525
21	0	4	2	0	0	0	-99	-99	-99	-99	-99	-99	-99	0	0	0	-99	-99	-99
13	0	6	6	0	0	0	-99	-99	-99	-99	-99	-99	-99	0	0	0	-99	-99	-99
7	1	6	6	0	0	-99	0	0	0	3	3	1	2.5	1	2	2	421	283	184
3	1	6	6	0	0	-99	0	0	0	2	2.75	2	1.83333333333333	1	1	1	9	20	15
1	0	6	6	0	0	0	1	1	1	0	2.5	2	2.33333333333333	3	3	3	514.333333333333	511.333333333333	632.666666666667
16	1	5	5	0	0	0.25	0	1	0	3	2	2	1.66666666666667	1	1	1	734	426	619
1	0	6	6	0	0	0	1	1	-99	0	1.75	2	2	3	2	0	375.333333333333	604.5	-99
18	1	6	5	0	0	0	-99	-99	-99	-99	-99	-99	-99	0	0	0	-99	-99	-99
18	1	6	5	0	0	0	1	1	1	1	1.25	2	2.66666666666667	1	1	1	517	783	550
9	0	2	4	1	1	0	0	1	1	0	2	1	1.6	1	1	1	359	396	271
3	1	6	6	0	0	0	0	0	0	1	-99	2	2.6	1	1	1	158	106	243
14	0	2	2	0	0	0	0	0	0	1	3	2	2.16666666666667	4	4	3	171.25	140.25	96.6666666666667
16	1	5	5	0	0	0	0	0	0	0	3	1	2.33333333333333	1	1	2	457	439	120
6	0	3	2	0	0.5	0	-99	-99	-99	-99	-99	-99	-99	0	0	0	-99	-99	-99
12	1	4	4	0	0	1	-99	-99	-99	-99	-99	-99	-99	0	0	0	-99	-99	-99
10	1	4	3	0	0	0	0	0	0	3	3	2	1.66666666666667	1	1	1	838	910	909
5	0	3	2	0	0	0	0.333333333333333	0.333333333333333	0	1	2.25	1	2.33333333333333	3	3	3	137.333333333333	140.666666666667	77
6	0	3	2	0	0	0	0	0	0	1	3	2	3.16666666666667	1	3	3	1986	545.666666666667	209
13	0	6	6	0	0	0	0.666666666666667	1	0.25	3	2	2	1.5	6	7	8	147	97.7142857142857	181
15	1	6	6	0	0	0	0.5	0	0	3	3.25	2	3.5	2	3	3	757.5	504.333333333333	623
17	1	6	5	1	0	0	0.333333333333333	0.333333333333333	0	1	3	2	2.83333333333333	3	3	3	284	217.666666666667	348
19	0	6	5	0	0	0	0.2	0.333333333333333	0.333333333333333	0	2.75	2	3.16666666666667	5	3	3	288.4	612	585
1	0	6	6	0	0	0	0	0.666666666666667	0	0	1.75	2	2.16666666666667	2	3	1	117	143.333333333333	292
11	0	2	1	0	0	0	0	0	0	3	2.25	2	2.33333333333333	1	1	1	664	463	483
18	1	6	5	0	0	0	0	0	0	2	2.5	2	2.66666666666667	4	3	3	436.5	704	287
18	1	6	5	1	0.545454545454545	0.333333333333333	1	0.428571428571429	0.166666666666667	3	3	2	2.5	2	7	6	171	82.5714285714286	106.5
4	1	2	2	-99	-99	-99	-99	-99	-99	-99	-99	-99	-99	0	0	0	-99	-99	-99
8	1	6	6	0	-99	-99	0	-99	-99	2	3	1	2	1	0	0	642	-99	-99
14	0	2	2	0	0	0	0	0	0.5	3	2.75	2	1.83333333333333	7	3	2	142.714285714286	150	96.5
13	0	6	6	0	0.333333333333333	0	0	0	0	3	2.33333333333333	2	2.33333333333333	1	1	1	1141	879	786
18	1	6	5	0	0	0	1	1	0	3	3	2	2.66666666666667	1	3	1	619	163	248
2	0	6	6	0	0	0	0	0	0	0	4	2	1.66666666666667	2	2	1	185	212	175
5	0	3	2	-99	-99	-99	0	1	0	3	3.75	2	3	1	1	1	1266	833	712
16	1	5	5	0	0	0	0	0	0	1	3	1	2.33333333333333	4	3	1	201.75	321	434
9	0	2	4	0	0	0	0.4	0	1	3	4	2	3.83333333333333	5	1	1	388.2	955	1014
19	0	6	5	0	0	0	1	0	1	2	3.25	2	2.66666666666667	1	1	1	1848	1664	1012
6	0	3	2	0	0	0	0.5	0.333333333333333	1	2	3.5	2	2.5	4	3	2	470.5	540	522
14	0	2	2	0	0	0	0	0	0	0	3	2	2.16666666666667	3	1	1	503.333333333333	1095	2195
10	1	4	3	-99	-99	-99	-99	-99	-99	1	2.5	1	2.33333333333333	0	0	0	-99	-99	-99
19	0	6	5	0	0	0	0	0.4	0.5	2	2.75	2	2.5	5	5	2	434	576	586
19	0	6	5	0	0	0	-99	-99	-99	-99	-99	-99	-99	0	0	0	-99	-99	-99
1	0	6	6	0	1	1	1	1	1	1	4	2	2.83333333333333	1	1	1	1188	807	767
18	1	6	5	1	0	0	-99	-99	-99	-99	-99	-99	-99	0	0	0	-99	-99	-99
12	1	4	4	0	0	0	-99	0	0	0	1.25	1	2.66666666666667	0	1	1	-99	1166	373
17	1	6	5	1	0	0	0	0	0	3	3.25	2	1.16666666666667	1	2	1	1793	1669	827
11	0	2	1	-99	-99	-99	-99	-99	-99	-99	-99	-99	-99	0	0	0	-99	-99	-99
18	1	6	5	0	0	0	0.5	0	-99	0	2.75	1	2	2	2	0	55	48	-99
16	1	5	5	1	0	0	0	0	0	3	3	1	2.83333333333333	3	1	1	86.3333333333333	47	57
8	1	6	6	0	0	0	-99	-99	-99	-99	-99	-99	-99	0	0	0	-99	-99	-99
6	0	3	2	0	0	0	-99	-99	-99	0	2	2	1.66666666666667	0	0	0	-99	-99	-99
21	0	4	2	0	0	0	0	0	0	3	3.75	2	3.33333333333333	1	1	1	888	713	647
8	1	6	6	0	0	0	0.5	0.25	0.25	3	3.25	2	2.33333333333333	4	4	4	378.5	417.25	349.25
9	0	2	4	0	0	0	0	0	-99	0	-99	2	-99	1	1	0	229	282	-99
13	0	6	6	0	0	0	-99	-99	-99	1	3	1	2.83333333333333	0	0	0	-99	-99	-99
5	0	3	2	0	1	1	0	1	0	3	2.25	2	3	1	1	1	283	306	211
15	1	6	6	0	0	0	-99	-99	-99	-99	-99	-99	-99	0	0	0	-99	-99	-99
6	0	3	2	0	0	0	-99	-99	-99	-99	-99	-99	-99	0	0	0	-99	-99	-99
15	1	6	6	0.25	0	0	0	0	0.5	0	1.75	2	1.5	2	2	2	456.5	347	289.5
14	0	2	2	0	0	0	-99	-99	-99	-99	-99	-99	-99	0	0	0	-99	-99	-99
1	0	6	6	0	0	0	1	1	1	2	2.75	2	3	3	3	1	163	272.333333333333	724
14	0	2	2	-99	-99	-99	-99	-99	-99	-99	-99	-99	-99	0	0	0	-99	-99	-99
4	1	2	2	0	0	0	0	0	0	1	2.75	2	2.5	2	2	1	423	411	163
14	0	2	2	0	0	0	0	0	0	0	1	2	2.16666666666667	1	2	1	285	87	168
1	0	6	6	0	1	1	1	0	0	3	2.75	2	2.83333333333333	1	1	1	505	125	42
18	1	6	5	0	0	0	1	1	0	3	3.25	2	2.33333333333333	1	1	1	2055	1222	705
13	0	6	6	0	0	0	0	0	0	0	2.25	2	2.33333333333333	2	3	2	128	93.6666666666667	102
21	0	4	2	0	-99	-99	-99	-99	-99	-99	-99	-99	-99	0	0	0	-99	-99	-99
15	1	6	6	0	-99	0	0	0	0	0	1.66666666666667	2	2	1	2	2	55	118.5	80.5
21	0	4	2	0	0	0	0	0	0	0	2.75	2	2.5	1	1	1	751	610	566
5	0	3	2	0.5	0	0	0	0.2	0	3	2.5	2	3.16666666666667	3	5	2	806.666666666667	427.6	676.5
10	1	4	3	0	0	0	1	1	1	0	2.75	2	2.33333333333333	1	1	1	33	189	66
10	1	4	3	1	0	0	-99	-99	-99	-99	-99	-99	-99	0	0	0	-99	-99	-99
2	0	6	6	0	0	0	1	1	1	0	2.5	2	2.16666666666667	1	1	1	586	624	436
12	1	4	4	0	0	0	-99	-99	-99	0	2.25	2	2.33333333333333	0	0	0	-99	-99	-99
21	0	4	2	0	0	0	0	0	1	1	2.75	1	3	2	2	1	68.5	47.5	44
8	1	6	6	0	0	0	0.666666666666667	0	0	0	2	2	2.16666666666667	3	4	2	152.666666666667	184.25	131
13	0	6	6	0	0	0	0	0	1	0	2	2	2.5	1	1	1	498	685	769
5	0	3	2	0	0	0	-99	0.333333333333333	0	0	3	2	2.66666666666667	0	3	3	-99	93.6666666666667	77
3	1	6	6	0	0	0	1	1	1	1	2.75	1	2.66666666666667	1	1	1	731	510	686
14	0	2	2	0	0.333333333333333	0	1	0	0	3	2.25	2	1.66666666666667	1	1	1	411	402	407
18	1	6	5	-99	0	0	-99	-99	-99	-99	-99	-99	-99	0	0	0	-99	-99	-99
16	1	5	5	0	0	0	0	0	0	1	3	2	3	1	1	1	243	260	278
7	1	6	6	1	0	0	1	1	1	3	3	1	2.16666666666667	1	1	1	964	1729	1178
3	1	6	6	0	0	0	0	1	1	3	2	1	2.16666666666667	1	1	1	267	199	265
21	0	4	2	0	0	0	0	1	0	0	2.75	2	2.83333333333333	1	1	1	331	448	376
17	1	6	5	0	0	0.333333333333333	1	0.75	0.666666666666667	2	2.5	2	2.66666666666667	3	4	3	1132.66666666667	748.5	732
9	0	2	4	0	-99	0	0.333333333333333	1	-99	0	1.5	2	1.66666666666667	3	1	0	83	285	-99
20	1	3	3	0	0	0	-99	-99	-99	-99	-99	-99	-99	0	0	0	-99	-99	-99
8	1	6	6	0	0	0	1	1	0.666666666666667	3	3	1	2.83333333333333	1	3	3	710	187.333333333333	222.333333333333
9	0	2	4	0	0	-99	0	0	0	0	2	2	1.33333333333333	1	1	1	133	146	167
11	0	2	1	0	0	0	0.8	0.75	1	3	2.75	2	2.83333333333333	5	4	2	461	580	583
18	1	6	5	0	0	0	0	0	0	1	2.25	1	2.33333333333333	1	5	2	579	89	82.5
18	1	6	5	0	0	0	0.25	0.666666666666667	0	1	3	2	3	4	3	1	112.5	139	146
9	0	2	4	0	1	0	0	1	0	2	2.75	0	1.66666666666667	1	1	1	255	181	94
4	1	2	2	1	0	0	0	0	0	0	2.75	2	2.66666666666667	1	4	2	117	90	68
17	1	6	5	1	0	0	0	1	1	2	3	1	2	1	1	1	562	1021	569
11	0	2	1	0	0	0	0	0	0	2	2.5	1	2.16666666666667	1	1	1	433	213	142
8	1	6	6	0	0	0	1	0.5	1	3	3	2	3.33333333333333	1	2	1	994	608.5	1010
21	0	4	2	1	0	0	-99	-99	-99	0	-99	2	-99	0	0	0	-99	-99	-99
20	1	3	3	1	0	0	-99	-99	-99	-99	-99	-99	-99	0	0	0	-99	-99	-99
2	0	6	6	0	0	0	0	0	0	0	2.5	1	2.33333333333333	2	1	2	285.5	315	250
17	1	6	5	0	0	0	0	0.5	0	0	2.5	2	2.16666666666667	1	2	3	377	152	113.666666666667
5	0	3	2	0	0	0	0	0	0	1	2.5	1	2.66666666666667	5	1	1	303.2	476	391
17	1	6	5	0	0	0	0	0.666666666666667	0	3	3	2	2.66666666666667	1	3	2	255	583.666666666667	510
18	1	6	5	0	0	0	0	0	0	2	2	2	2	1	1	1	1055	838	835
12	1	4	4	0	0	0	-99	-99	-99	-99	-99	-99	-99	0	0	0	-99	-99	-99
18	1	6	5	0	0	0	-99	-99	-99	-99	-99	-99	-99	0	0	0	-99	-99	-99
8	1	6	6	1	0	0	0.666666666666667	0.5	0.333333333333333	3	2.5	2	2.5	3	2	3	136.333333333333	81.5	123
2	0	6	6	0	0	0	1	1	1	0	3	2	2.33333333333333	4	2	1	509	389	468
19	0	6	5	0	-99	-99	-99	-99	-99	-99	-99	-99	-99	0	0	0	-99	-99	-99
13	0	6	6	0	0	0	-99	-99	-99	-99	-99	-99	-99	0	0	0	-99	-99	-99
6	0	3	2	0.5	0	1	-99	-99	-99	-99	-99	-99	-99	0	0	0	-99	-99	-99
10	1	4	3	0	0	0	0	1	0	0	1.25	2	1.83333333333333	1	1	1	1035	1159	725
17	1	6	5	0	0	1	-99	0	-99	2	3.75	2	2.66666666666667	0	1	0	-99	1768	-99
18	1	6	5	0.25	0	0	-99	-99	-99	-99	-99	-99	-99	0	0	0	-99	-99	-99
2	0	6	6	0	0	0	0	0	0	1	3	2	2.33333333333333	2	2	2	108	88	128.5
19	0	6	5	1	0	0	1	0	0	3	2.25	2	2.16666666666667	1	1	1	281	478	125
7	1	6	6	1	0	0	0	0	0	3	2.75	2	2.83333333333333	2	1	1	268	260	351
4	1	2	2	-99	-99	0	-99	-99	-99	-99	-99	-99	-99	0	0	0	-99	-99	-99
13	0	6	6	0	0	0	0	0	0	0	2	1	1.66666666666667	1	1	1	471	314	323
14	0	2	2	0	0	0	0	0	0	0	2.25	1	2.16666666666667	1	1	1	501	280	226
21	0	4	2	0	0	0	0	0	0	3	2.5	2	2.16666666666667	1	1	1	992	747	437
3	1	6	6	0	0	0	0	0	0	0	3	2	2.33333333333333	1	1	1	372	429	176
1	0	6	6	0	0	0	0	0	0	0	3.25	2	2.83333333333333	1	1	1	239	114	56
1	0	6	6	0	0	0	0	0	0	0	2.5	2	2.5	1	1	1	348	444	330
18	1	6	5	0	0	0	1	0	0	3	3.5	2	3	3	2	2	450.333333333333	398	387.5
15	1	6	6	0	0	0	1	1	1	3	3	2	2.83333333333333	1	1	1	1216	866	938
15	1	6	6	0	0	0	0	0	0	0	2.75	2	2.33333333333333	3	1	1	159.666666666667	317	230
6	0	3	2	0	0	0	0.5	0	0	1	2	1	2.33333333333333	2	1	1	327	476	320
11	0	2	1	0	0	0	0	0	0	1	2	2	1.83333333333333	1	4	2	434	61	83.5
17	1	6	5	0	0	0	-99	0.25	1	3	3	2	2.16666666666667	0	4	1	-99	415.75	681
1	0	6	6	1	1	1	1	0	1	3	2.75	1	2.5	1	1	1	769	827	619
10	1	4	3	0	-99	-99	-99	-99	-99	0	2	1	2.16666666666667	0	0	0	-99	-99	-99
8	1	6	6	0	0	0	-99	-99	-99	-99	-99	-99	-99	0	0	0	-99	-99	-99
9	0	2	4	0	0	0	0.5	0	0	1	2.25	1	3.16666666666667	2	3	1	578	335	984
-99	-99	-99	-99	-99	0	0	-99	-99	-99	-99	-99	-99	-99	0	0	0	-99	-99	-99
19	0	6	5	0	0	0	-99	-99	-99	-99	-99	-99	-99	0	0	0	-99	-99	-99
1	0	6	6	-99	-99	0	0	0	0	3	1.75	2	1.5	1	1	1	303	134	141
5	0	3	2	0	0	0	0	1	0	0	2	1	1.83333333333333	1	1	1	551	412	219
8	1	6	6	0	0	0	0.6	0.333333333333333	0	3	2.75	2	2.33333333333333	5	3	1	295.2	239.666666666667	509
2	0	6	6	0	0	0	1	1	1	3	3.25	2	2.66666666666667	1	1	1	1700	1730	964
-99	-99	-99	-99	0	0	0	-99	-99	-99	-99	-99	-99	-99	0	0	0	-99	-99	-99
15	1	6	6	0	0	0	0	0	0	1	3	2	2.83333333333333	3	4	2	133.333333333333	146	200
14	0	2	2	1	0	0	0	0	0	0	2	2	2.66666666666667	9	10	3	182.444444444444	117.1	123.333333333333
9	0	2	4	0	0	0	1	1	1	2	3.25	2	2.33333333333333	1	1	1	683	1126	663
15	1	6	6	0	0	0	-99	-99	-99	-99	-99	-99	-99	0	0	0	-99	-99	-99
21	0	4	2	1	0	0	0	0	0	2	2.75	2	3	3	1	1	494.333333333333	709	595
15	1	6	6	1	0	0	0	-99	-99	1	-99	1	-99	4	0	0	316.75	-99	-99
9	0	2	4	0	0	1	0	0	0	0	2.75	1	2.5	1	1	1	921	759	481
20	1	3	3	0	0	0	0.75	1	0.333333333333333	3	3	2	2.66666666666667	4	6	3	464.75	504	460
2	0	6	6	0	0	0	0	0	0	0	1.25	2	1.33333333333333	1	1	1	372	431	177
4	1	2	2	0	0	0	0.333333333333333	0	1	3	3	2	2	3	2	1	228	376	541
9	0	2	4	0	0	0	1	1	1	2	2.5	2	2.66666666666667	1	1	1	1569	539	364
9	0	2	4	0	0	0	1	1	1	1	3	2	2.66666666666667	1	1	1	777	865	619
18	1	6	5	0	0	0	-99	0	0	0	1.5	1	2	0	4	4	-99	110.75	135.5
21	0	4	2	0	0	0	-99	-99	-99	-99	-99	-99	-99	0	0	0	-99	-99	-99
2	0	6	6	0	0	0	1	0	0.5	3	2.75	2	2.5	1	1	2	217	242	115
18	1	6	5	0	0	0	1	0	1	0	2.5	2	2.5	1	1	1	658	501	765
13	0	6	6	0.25	0	0	0.166666666666667	0	0	2	3.25	2	3.5	6	4	1	307.5	309	800
6	0	3	2	0	1	0	1	1	1	0	3.5	2	2.83333333333333	1	1	1	997	1047	974
12	1	4	4	0	0	0	0	0	0.5	3	2.5	0	2.5	3	3	2	159.666666666667	86	119.5
7	1	6	6	0	0.5	0	-99	-99	-99	-99	-99	-99	-99	0	0	0	-99	-99	-99
11	0	2	1	0	0	0	0	0	0	0	1.5	2	1.66666666666667	1	1	1	296	324	289
2	0	6	6	0	0	0	0	0	0	0	1.75	2	2.83333333333333	1	1	1	810	454	542
9	0	2	4	-99	-99	-99	-99	-99	-99	-99	-99	-99	-99	0	0	0	-99	-99	-99
9	0	2	4	1	-99	0	0	0.25	-99	1	2	2	2.66666666666667	1	4	0	170	169.25	-99
7	1	6	6	0	0	0	-99	-99	-99	-99	-99	-99	-99	0	0	0	-99	-99	-99
9	0	2	4	0	1	0	0.5	0	0	0	2.5	2	3.16666666666667	2	1	1	397	287	409
14	0	2	2	0	0	0	0	0	0	2	3	2	1.83333333333333	3	3	1	339	447.666666666667	1032
11	0	2	1	0	0	0	0	0	0	0	2	1	2.5	3	3	2	157	199	247
6	0	3	2	0	0	0	0	0	0	1	3	1	2.83333333333333	1	1	1	734	400	251
14	0	2	2	0	0	1	0	0	0	0	2	2	1	1	1	1	966	664	914
11	0	2	1	1	0	0	0	0.2	0	2	2.75	2	2.83333333333333	1	5	4	518	125.2	116.5
15	1	6	6	0	0	-99	0	0	0	1	2	2	1.16666666666667	1	1	1	361	788	146
13	0	6	6	0	0	0	0	0	0	2	2.25	2	2	1	3	1	616	329.333333333333	435
16	1	5	5	0	0	0	-99	-99	-99	-99	-99	-99	-99	0	0	0	-99	-99	-99
