12	1	4	1	0	0	0	-99	-99	-99	-99	-99	-99	-99	0	0	0	-99	-99	-99	-99
15	1	6	1	0	0.166666666666667	0.142857142857143	0.6	1	0.333333333333333	1	3	1	2.5	5	2	3	179.6	205.5	90.6666666666667	1
16	1	5	1	-99	-99	-99	0	-99	0	0	3	1	2.66666666666667	1	0	1	83	-99	94	1
3	1	6	1	0	0	0	-99	-99	-99	0	-99	1	-99	0	0	0	-99	-99	-99	1
20	1	3	0	0	0	-99	0.333333333333333	-99	-99	0	3.75	1	3	3	0	0	371	-99	-99	1
7	1	6	1	0	0	0	1	1	1	0	2.25	1	2.66666666666667	1	1	1	824	704	624	0
1	0	6	1	0	0	0	0	0	0	0	1.5	1	2.4	1	2	1	882	390	364	0
10	1	4	0	0	0	0	-99	0	0	0	3	1	2.33333333333333	0	3	1	-99	260	583	0
1	0	6	1	0	0	0	-99	0	0	1	2.5	1	2.5	0	1	1	-99	163	122	0
9	0	2	1	-99	0	0	-99	0	0	1	2.75	1	2.33333333333333	0	2	1	-99	165.5	261	1
19	0	6	1	0	0	0	-99	-99	-99	-99	-99	-99	-99	0	0	0	-99	-99	-99	-99
17	1	6	1	0	0	0	0.666666666666667	1	0.333333333333333	1	4	1	2.66666666666667	3	3	3	568.666666666667	346.666666666667	249.666666666667	1
1	0	6	1	0	0.2	-99	0.5	0.333333333333333	0	0	3.5	1	2.66666666666667	2	3	1	134	73.3333333333333	130	1
2	0	6	1	0	0	0	0	0	0	1	3.25	1	3	3	3	3	133	108.666666666667	76.6666666666667	1
16	1	5	1	0	0	0	0	0	0	1	2	1	2	1	1	1	343	220	169	1
19	0	6	1	-99	-99	-99	0	0	0	0	2.5	1	3.33333333333333	1	2	1	730	397	700	1
3	1	6	1	0	0	0	0	0	0	1	2.75	1	3	1	1	1	1217	731	605	1
3	1	6	1	0	0	0	0	1	0	0	3	1	2.33333333333333	1	1	1	934	1314	1009	1
7	1	6	1	0	-99	-99	-99	-99	-99	1	2.75	1	2	0	0	0	-99	-99	-99	1
15	1	6	1	0	0	0	-99	-99	-99	-99	-99	-99	-99	0	0	0	-99	-99	-99	-99
11	0	2	0	0	0	0	-99	0	0	0	2.75	1	1.66666666666667	0	2	1	-99	170.5	489	1
5	0	3	0	0	0	0	-99	-99	-99	-99	-99	-99	-99	0	0	0	-99	-99	-99	-99
19	0	6	1	0	0	0	0	0	0	1	2.75	1	3.16666666666667	2	4	2	150	216	173.5	1
18	1	6	1	0	0	0	0	0	0	0	2.75	1	2.33333333333333	3	3	2	184.666666666667	194.333333333333	84.5	0
11	0	2	0	0	0	0	-99	-99	-99	0	-99	0	-99	0	0	0	-99	-99	-99	0
4	1	2	0	0	0	0	-99	-99	-99	-99	-99	-99	-99	0	0	0	-99	-99	-99	-99
5	0	3	0	0	0	0	-99	-99	-99	-99	-99	-99	-99	0	0	0	-99	-99	-99	-99
10	1	4	0	0	1	0	0	0	0.25	1	3	1	2.83333333333333	2	4	4	917	446	451	1
18	1	6	1	0	0	0	-99	-99	-99	0	-99	1	-99	0	0	0	-99	-99	-99	0
10	1	4	0	0	0	0	-99	-99	-99	-99	-99	-99	-99	0	0	0	-99	-99	-99	-99
11	0	2	0	0	0	0	0	0	-99	1	3.25	1	2.33333333333333	2	3	0	410	195.666666666667	-99	1
4	1	2	0	0	0	0	0	0	0	0	2.75	1	2.66666666666667	1	1	1	431	169	174	0
19	0	6	1	0	0	0	0	0	0	1	3.5	1	3.5	3	2	3	135	186	89.3333333333333	1
3	1	6	1	0	0	0	0.4	0.333333333333333	0.5	0	1.5	1	2	5	3	4	518.8	535.666666666667	331.25	1
12	1	4	1	0	0	0	0	0	0	1	2.75	1	2.66666666666667	3	1	3	120.333333333333	300	104.666666666667	1
20	1	3	0	0	0	0	-99	-99	0	1	3.25	1	2.66666666666667	0	0	1	-99	-99	409	1
4	1	2	0	0	0	0	0	0.5	0	0	2.66666666666667	1	2.16666666666667	1	2	3	358	219.5	143.333333333333	0
13	0	6	1	0	0.2	0	0	0	0	0	2	1	1.83333333333333	1	3	1	1367	855.666666666667	788	1
15	1	6	1	0	0	0	-99	-99	-99	-99	-99	-99	-99	0	0	0	-99	-99	-99	-99
1	0	6	1	0	0	0	0.5	0.333333333333333	0.75	1	3	1	2.66666666666667	6	3	4	571.166666666667	683.666666666667	501.75	1
12	1	4	1	0	0	0	0	0	0	1	2	1	3	3	2	2	302	330	274.5	0
10	1	4	0	0	0	0	-99	-99	-99	-99	-99	-99	-99	0	0	0	-99	-99	-99	-99
16	1	5	1	0	0	0	0	0	0	1	2.75	1	2.83333333333333	1	4	3	932	270.75	278.666666666667	1
16	1	5	1	0	0	0	0	0	0	1	2.25	1	2.16666666666667	6	3	2	80.8333333333333	158.333333333333	227	1
20	1	3	0	0	0	-99	0	0.333333333333333	0	0	1	1	1.5	1	3	2	33	79.6666666666667	57	1
14	0	2	0	0	0	0	0.571428571428571	0	0	1	2.5	1	2.66666666666667	7	4	4	224.428571428571	371.5	206.25	1
11	0	2	0	0	0	0	0	0.25	0	0	2.5	1	2	4	4	2	369.75	272.75	329.5	1
17	1	6	1	0	0	0	0	0.333333333333333	0	0	2	1	2	1	3	2	247	130.333333333333	156.5	0
16	1	5	1	0	0	0	0	0.166666666666667	0	1	3	1	2.83333333333333	1	6	4	1763	236.333333333333	538	1
7	1	6	1	0	0	0	1	0.6	1	0	3	1	3	2	5	1	686.5	311.8	548	1
11	0	2	0	0	0	0	-99	-99	-99	-99	-99	-99	-99	0	0	0	-99	-99	-99	-99
17	1	6	1	0	0	0	0	0	0	0	2	1	1.83333333333333	2	2	1	196	151	175	0
5	0	3	0	0	-99	-99	0.5	0.75	1	1	2	1	2.33333333333333	6	4	1	95	28.25	240	1
15	1	6	1	0	0	0	0	0	0	0	2	1	2.33333333333333	4	3	2	64.25	65.3333333333333	75	1
4	1	2	0	0	0	0	0	0.5	0	0	2.5	1	2.66666666666667	1	2	6	864	425.5	52.8333333333333	1
14	0	2	0	0.142857142857143	0	0	0	0.2	0	0	3	1	2.83333333333333	4	5	3	146.25	181.8	282.333333333333	1
9	0	2	1	0	0	0	0	0	0	1	2.5	1	2.66666666666667	1	1	4	929	735	325.25	0
10	1	4	0	0	0	0	0	0	-99	1	3	1	2.33333333333333	1	1	0	288	275	-99	0
5	0	3	0	-99	-99	-99	-99	-99	-99	-99	-99	-99	-99	0	0	0	-99	-99	-99	-99
3	1	6	1	0	0	0	1	1	0	1	3.25	1	2.16666666666667	1	1	1	515	511	412	1
17	1	6	1	0	0	0	-99	-99	-99	-99	-99	-99	-99	0	0	0	-99	-99	-99	-99
5	0	3	0	0	0	0	-99	-99	-99	-99	-99	-99	-99	0	0	0	-99	-99	-99	-99
10	1	4	0	0	0	0	0	0	0	0	3.75	1	3.5	2	2	4	81	139.5	108.75	1
10	1	4	0	0	0	0	-99	-99	-99	-99	-99	-99	-99	0	0	0	-99	-99	-99	-99
20	1	3	0	0	0	0	0	0	0	0	2	1	2.83333333333333	6	3	1	268.333333333333	204.333333333333	199	1
18	1	6	1	0	0	0	0.25	0.333333333333333	0	1	3.5	1	2.66666666666667	8	6	5	76.875	118.666666666667	96.8	1
16	1	5	1	0	0	0	1	0	0	1	3	1	2.83333333333333	1	4	3	1136	323.5	74	1
13	0	6	1	0	0	-99	0	0	0	1	3	1	2.5	6	4	4	26.1666666666667	29.5	30.25	1
7	1	6	1	0	0	0	1	0.666666666666667	0.5	1	3	1	2	3	3	2	86	68.6666666666667	83	0
7	1	6	1	0	0	0	1	0.5	1	1	3	1	2.66666666666667	2	2	1	408.5	520	920	1
6	0	3	0	0	0	0	-99	-99	-99	-99	-99	-99	-99	0	0	0	-99	-99	-99	-99
8	1	6	1	0	0	0	0	0	1	1	2.75	1	3.16666666666667	1	1	1	784	1166	914	0
12	1	4	1	0	0	0	0	0	0	1	-99	1	2	1	1	1	1085	678	886	1
19	0	6	1	0	0	0	0	0	0	0	3.25	1	2.83333333333333	8	4	3	209.625	272.75	181	1
8	1	6	1	0	0	0	0	0	0	1	1.5	1	2.83333333333333	1	1	2	235	159	92.5	0
10	1	4	0	0	0	0	0.166666666666667	0.2	0.333333333333333	0	2.5	1	2.83333333333333	6	5	3	416.666666666667	515.8	471.333333333333	1
13	0	6	1	-99	-99	-99	-99	-99	-99	-99	-99	-99	-99	0	0	0	-99	-99	-99	-99
12	1	4	1	0	0	0	-99	-99	-99	-99	-99	-99	-99	0	0	0	-99	-99	-99	-99
5	0	3	0	0	0	0	-99	-99	-99	-99	-99	-99	-99	0	0	0	-99	-99	-99	-99
3	1	6	1	0	0	0	0	0.125	0	1	3	1	2.33333333333333	3	8	4	136.333333333333	75	107.75	1
2	0	6	1	-99	-99	0	-99	0	-99	1	4	1	3.33333333333333	0	3	0	-99	168	-99	0
4	1	2	0	0	0	0	0	0.1	0	1	2.25	1	2.5	8	10	7	162	118.2	132.285714285714	1
2	0	6	1	0	0	0	0	0	0	1	2.25	1	2.33333333333333	5	9	1	202.4	193.666666666667	1247	1
13	0	6	1	0	0	0	0	-99	0	0	2.25	1	2	2	0	3	140.5	-99	152.666666666667	1
1	0	6	1	0	0	0	0	0.333333333333333	0	0	2.25	1	2.83333333333333	1	3	8	1057	365.333333333333	109.75	1
3	1	6	1	0	0	0	-99	-99	-99	-99	-99	-99	-99	0	0	0	-99	-99	-99	-99
6	0	3	0	0	0	0	0	0	0	0	2.75	1	2.33333333333333	1	4	1	682	118.25	358	1
14	0	2	0	0	0	0	0.333333333333333	0	0	1	3	1	2.5	3	1	3	397.666666666667	258	119	1
10	1	4	0	0	0	0	0	0	0	0	1.5	0	2.33333333333333	7	1	1	103.142857142857	858	129	0
8	1	6	1	0	0	0	1	0.666666666666667	1	0	2.5	1	2	2	3	1	334.5	225	237	0
19	0	6	1	0	0	0	0.5	0	0	1	3.25	1	3.33333333333333	4	4	2	545.75	493.5	394	1
19	0	6	1	0	0	0	0.25	0	0	1	1.75	1	2.16666666666667	4	1	1	76.75	316	72	1
9	0	2	1	0	0	0	0.4	0.25	0.5	1	2.75	1	2.5	5	4	2	165.6	136.75	176	1
19	0	6	1	0	1	0	0	0	0	0	2.5	1	2.5	1	1	3	716	673	228	0
17	1	6	1	-99	0	0	-99	0	0	1	3.25	1	2.66666666666667	0	4	4	-99	141.75	106.5	1
20	1	3	0	0	0	0	0	0	0	0	3	1	2.66666666666667	5	5	2	116.6	196.2	216	1
10	1	4	0	0	0	0	0	0	0	0	2.25	1	2.5	1	1	1	334	245	229	1
4	1	2	0	0	0	0	0	0	0	1	3	1	2.66666666666667	1	3	1	79	116.666666666667	65	1
20	1	3	0	0	0	0	0	0	0	0	2.5	1	2.33333333333333	5	8	6	391	294.375	165	1
7	1	6	1	0	0	0	1	0.5	0	1	2.75	1	3.5	1	2	3	773	311.5	403.5	1
11	0	2	0	0	0	0	0	0	0	0	2.25	1	2.66666666666667	3	3	3	183	164.333333333333	125	1
12	1	4	1	0	0	0	0	0	0	1	2.25	1	2.5	1	3	2	1275	266.333333333333	324	1
17	1	6	1	-99	0	-99	0	0	0	1	2.5	1	2.5	3	3	1	144.666666666667	82	176	0
12	1	4	1	0	0	0	0	-99	-99	0	3	1	2.66666666666667	3	0	0	68	-99	-99	1
4	1	2	0	0	0	0	0	0	0	1	3.25	1	2.66666666666667	1	1	1	650	447	489	0
12	1	4	1	0	0	0	0	0	0	1	2.75	1	1.66666666666667	2	2	1	516.5	602	631	0
16	1	5	1	0	0	0	0	0	0	1	2.75	1	2.33333333333333	1	3	1	691	190.666666666667	468	0
16	1	5	1	0	0	0	-99	-99	-99	-99	-99	-99	-99	0	0	0	-99	-99	-99	-99
17	1	6	1	-99	0	0	-99	-99	-99	-99	-99	-99	-99	0	0	0	-99	-99	-99	-99
18	1	6	1	0.5	0	0.25	0.5	0.666666666666667	1	1	3	1	2.83333333333333	4	3	1	332	340	599	1
6	0	3	0	0	0	0	-99	-99	-99	-99	-99	-99	-99	0	0	0	-99	-99	-99	-99
10	1	4	0	0	0	0	-99	0	0.333333333333333	1	3	1	2.16666666666667	0	4	3	-99	125	198	1
4	1	2	0	0	0	-99	0	0	0	1	3.25	1	3	1	2	1	435	223	456	1
2	0	6	1	0	0	0	1	1	1	0	2.25	1	2.83333333333333	1	1	2	1056	1191	517	1
14	0	2	0	0	0	0	0	0	0	1	2.25	1	2.33333333333333	3	5	1	506	392.4	476	1
6	0	3	0	0	0	0	-99	0	0	1	2.75	1	3	0	10	4	-99	124.9	156.5	0
20	1	3	0	0	-99	-99	0	-99	-99	1	4	1	2.66666666666667	3	0	0	513.666666666667	-99	-99	0
13	0	6	1	0	0	0	0	0.25	0	1	2.75	1	1.33333333333333	3	4	2	131.666666666667	62.75	61	1
7	1	6	1	0	-99	-99	-99	-99	-99	-99	-99	-99	-99	0	0	0	-99	-99	-99	-99
21	0	4	0	0	0	0	0	0	0	0	2.25	1	2.33333333333333	1	4	3	1050	192.75	215.333333333333	1
21	0	4	0	0	0	0	-99	-99	-99	-99	-99	-99	-99	0	0	0	-99	-99	-99	-99
7	1	6	1	0	0	0	1	1	1	1	3	1	2.83333333333333	1	1	1	869	924	796	1
16	1	5	1	0	0	0	-99	-99	-99	-99	-99	-99	-99	0	0	0	-99	-99	-99	-99
5	0	3	0	0	0	0	0	0	0	1	3.75	1	3.66666666666667	4	3	2	164.5	218	212	1
6	0	3	0	0	0	0	0	0.333333333333333	0	0	3	1	3	2	3	3	263.5	184.333333333333	149.333333333333	1
5	0	3	0	0	0	0	-99	-99	-99	-99	-99	-99	-99	0	0	0	-99	-99	-99	-99
2	0	6	1	0	0	0	-99	-99	-99	-99	-99	-99	-99	0	0	0	-99	-99	-99	-99
13	0	6	1	0	0	0	-99	-99	-99	0	2.5	1	2.5	0	0	0	-99	-99	-99	1
19	0	6	1	0	0	0	-99	0	-99	1	3.25	1	2.83333333333333	0	1	0	-99	152	-99	1
3	1	6	1	0	0	0	1	0.5	1	0	2	1	2.33333333333333	3	4	2	429	360.5	280.5	1
3	1	6	1	0	0	0	-99	-99	-99	0	-99	0	-99	0	0	0	-99	-99	-99	0
21	0	4	0	0	0	0	0	0	0	0	2.25	1	2.33333333333333	5	4	1	363.2	439.75	1014	1
20	1	3	0	0	0	0	0	0	0	1	2.5	1	2.83333333333333	1	2	1	585	211.5	299	0
16	1	5	1	0	0	-99	0	-99	0	1	3	1	2.66666666666667	1	0	1	344	-99	490	0
15	1	6	1	0	0	0	0	0.333333333333333	-99	0	2.5	1	2	2	3	0	50.5	64.3333333333333	-99	1
10	1	4	0	0	0	0	0	0	0	1	1.5	1	2	2	3	1	346.5	253.333333333333	565	1
5	0	3	0	0	0	0	0	0.5	0	1	3.5	1	2.33333333333333	3	4	3	275	296.5	298	1
10	1	4	0	0	0	0	0	0	0	0	2	1	2.5	2	1	1	496	993	704	1
19	0	6	1	0	-99	-99	0	-99	-99	0	2.25	1	2.16666666666667	1	0	0	1332	-99	-99	1
21	0	4	0	0	0	0	0	0	0	0	2.75	1	3.5	1	1	1	955	422	461	1
10	1	4	0	0	0	0	0	0	0	1	2.75	1	3	2	2	5	710	516.5	260	1
4	1	2	0	0	0.142857142857143	0	-99	-99	-99	-99	-99	-99	-99	0	0	0	-99	-99	-99	-99
9	0	2	1	0	0	0	-99	-99	-99	-99	-99	-99	-99	0	0	0	-99	-99	-99	-99
14	0	2	0	0	0	0	1	0	0.333333333333333	1	2.75	1	2.16666666666667	3	3	3	119	91.3333333333333	96.3333333333333	1
16	1	5	1	0	0	0	0	0	-99	0	-99	1	-99	1	1	0	615	439	-99	0
11	0	2	0	0.0909090909090909	-99	0	0.2	0	0	0	3	1	2.66666666666667	5	2	1	408.2	290.5	451	1
17	1	6	1	0	0	0	-99	-99	-99	0	-99	1	-99	0	0	0	-99	-99	-99	1
10	1	4	0	0	0	-99	-99	-99	-99	-99	-99	-99	-99	0	0	0	-99	-99	-99	-99
14	0	2	0	0	0	0	0	0	0	0	2.75	1	2.5	2	2	1	157.5	149	80	1
18	1	6	1	0	0	0	0	0	0	0	2.5	1	2.83333333333333	1	1	1	906	1038	370	1
14	0	2	0	0	0	-99	-99	-99	-99	-99	-99	-99	-99	0	0	0	-99	-99	-99	-99
12	1	4	1	0	0	0	-99	-99	-99	-99	-99	-99	-99	0	0	0	-99	-99	-99	-99
3	1	6	1	0	0	0.333333333333333	1	1	0	0	3	1	2.5	1	1	1	1489	749	288	1
4	1	2	0	0	0	0	-99	-99	-99	-99	-99	-99	-99	0	0	0	-99	-99	-99	-99
8	1	6	1	0	0	0	0	0	0	0	2.75	1	2.33333333333333	1	1	1	581	482	428	0
16	1	5	1	0	0	0.166666666666667	0	0	0	1	2.5	1	2.5	1	5	3	482	220	254.666666666667	1
11	0	2	0	0	0	0	-99	0	0	1	3	1	2.66666666666667	0	2	1	-99	125.5	458	1
11	0	2	0	0	0	0	0	0	0	1	2.5	1	2.83333333333333	1	1	1	250	195	210	0
9	0	2	1	0	0	0	0.25	0	0	1	3	1	2	4	3	1	203.5	200.666666666667	477	1
15	1	6	1	0	0	0	0	0	0	1	2.75	1	2	6	6	5	156.666666666667	148.166666666667	246.4	1
15	1	6	1	0	0	0	0	0	0	0	2.75	1	2.66666666666667	4	5	1	274.25	281.8	288	1
9	0	2	1	0	0	0	1	0.166666666666667	0.428571428571429	1	2.5	1	2.16666666666667	1	6	7	472	222.666666666667	321.428571428571	1
4	1	2	0	0	0	0	0.333333333333333	0.5	0.333333333333333	0	3	1	3	3	2	3	277.666666666667	340.5	419	1
18	1	6	1	0	0	0	0	-99	0	1	2.25	1	2	1	0	4	932	-99	245.5	1
1	0	6	1	0	0	0	-99	0	0	0	2	1	1.5	0	3	3	-99	165.333333333333	75	1
11	0	2	0	0	0	0	0	0	0	1	2	1	2.16666666666667	2	1	2	344.5	619	285	1
17	1	6	1	0	0	0	1	-99	1	1	2.75	1	2.66666666666667	2	0	1	443.5	-99	565	1
20	1	3	0	0	0	0	0	0	0	1	3.75	1	3.16666666666667	1	13	3	1849	235.076923076923	322	1
3	1	6	1	0	0	0	1	0.333333333333333	0	0	2.5	1	2.33333333333333	1	3	1	525	155.333333333333	520	1
1	0	6	1	0	0	0	1	1	0	1	3	1	2.66666666666667	1	1	1	234	456	268	1
3	1	6	1	1	0	-99	1	1	0	1	3	1	3	1	1	1	1136	586	733	1
19	0	6	1	0	0	0	-99	-99	-99	0	-99	1	-99	0	0	0	-99	-99	-99	1
19	0	6	1	0	0	0	0	0	0	1	3	1	2.83333333333333	3	2	1	463.333333333333	464.5	687	1
15	1	6	1	0	0	0	-99	0	0	0	1.75	1	1.66666666666667	0	2	1	-99	95	163	1
3	1	6	1	0	0	0	0	0	0.142857142857143	1	2.75	1	2.66666666666667	8	11	7	31.25	42.6363636363636	42.5714285714286	1
6	0	3	0	0	0	0	0	0	0	0	2.25	1	3	2	2	1	110	76.5	108	1
1	0	6	1	0	0	0	1	0	1	0	2.75	1	2.5	1	1	1	455	200	444	0
3	1	6	1	0	0	0	0	0	0	0	2.25	1	1.83333333333333	1	1	1	382	291	345	1
15	1	6	1	0	0	0	-99	-99	-99	1	-99	1	-99	0	0	0	-99	-99	-99	1
21	0	4	0	0	0	-99	-99	-99	-99	-99	-99	-99	-99	0	0	0	-99	-99	-99	-99
15	1	6	1	0	0	0	0	0	0	1	3	1	2.16666666666667	3	1	1	253.333333333333	456	304	1
9	0	2	1	0	-99	1	1	0.333333333333333	0.5	1	3	1	2	3	3	2	153	138.666666666667	201	1
12	1	4	1	0	0	0	0	1	0	0	2	1	2.66666666666667	1	1	1	917	653	521	1
19	0	6	1	0	0.125	0	-99	-99	-99	1	-99	1	-99	0	0	0	-99	-99	-99	1
13	0	6	1	0.25	0	0	0	0	0	1	2	1	2.16666666666667	2	1	1	333.5	99	92	1
18	1	6	1	0	0	-99	-99	-99	-99	-99	-99	-99	-99	0	0	0	-99	-99	-99	-99
13	0	6	1	0	0	0	-99	-99	-99	1	-99	1	-99	0	0	0	-99	-99	-99	1
4	1	2	0	0	-99	-99	0.25	0	0	1	3.25	1	2.33333333333333	4	2	3	176.25	195	37	1
8	1	6	1	0.166666666666667	0	0	0	0.142857142857143	0.166666666666667	0	2.75	1	3.16666666666667	5	7	6	404.6	236.571428571429	87	0
9	0	2	1	0	-99	-99	0	-99	-99	0	2.75	1	2.5	1	0	0	468	-99	-99	1
12	1	4	1	0	0	0	-99	-99	-99	-99	-99	-99	-99	0	0	0	-99	-99	-99	-99
10	1	4	0	0	0	0	-99	-99	-99	-99	-99	-99	-99	0	0	0	-99	-99	-99	-99
3	1	6	1	0	0	0	0.666666666666667	1	0	1	2	1	2.66666666666667	3	2	2	526.333333333333	986	156	1
5	0	3	0	0	0	0	-99	-99	-99	-99	-99	-99	-99	0	0	0	-99	-99	-99	-99
10	1	4	0	-99	-99	-99	-99	-99	-99	-99	-99	-99	-99	0	0	0	-99	-99	-99	-99
5	0	3	0	0	0	0	0	0	0	0	2.25	1	1.83333333333333	1	4	5	300	99.25	136.6	1
16	1	5	1	0	0	0	0	-99	0	0	3	1	3	1	0	1	96	-99	125	1
-99	-99	-99	-99	0	0	0	-99	-99	-99	-99	-99	-99	-99	0	0	0	-99	-99	-99	-99
1	0	6	1	0	0	0	0	0	0	1	3	1	2.33333333333333	2	2	1	305	354	406	1
7	1	6	1	0	0	-99	0.5	1	0.5	1	2.75	1	2.66666666666667	2	2	2	527.5	507.5	98	1
2	0	6	1	0	0	0	0	0	0	0	2	1	2.16666666666667	1	2	4	987	605.5	219	0
6	0	3	0	0	0	0	0.142857142857143	0.25	0.25	1	2.5	1	2.33333333333333	7	4	4	145.428571428571	128.75	129	1
17	1	6	1	0	-99	-99	0	-99	-99	1	3.75	1	3.16666666666667	1	0	0	693	-99	-99	1
9	0	2	1	-99	0	0	1	0.4	0.666666666666667	1	2.5	1	2.5	1	5	6	489	168	147.4	1
8	1	6	1	0	0.2	-99	0.75	1	0	1	3.25	1	2.5	4	2	3	1227	1877	191	1
8	1	6	1	0	0	0	1	0.5	1	1	2.75	1	3.16666666666667	2	2	1	814.5	414	771	1
15	1	6	1	0	0	0	0	0	0	0	2	1	1.33333333333333	2	1	4	110	310	55	1
21	0	4	0	0	0	0	0	0	0	0	1.75	1	1.16666666666667	3	3	2	153.666666666667	107.666666666667	89.5	1
11	0	2	0	0	0	0	0	0	0	1	3.75	1	2.83333333333333	3	6	1	424.666666666667	339.5	510	1
4	1	2	0	0	0	0	-99	-99	-99	-99	-99	-99	-99	0	0	0	-99	-99	-99	-99
8	1	6	1	0	0	0	-99	-99	-99	-99	-99	-99	-99	0	0	0	-99	-99	-99	-99
20	1	3	0	0	0	0	-99	-99	-99	0	2	1	2	0	0	0	-99	-99	-99	1
2	0	6	1	0	0	0	0.5	0	0	0	3	1	2.5	2	1	1	357	432	218	0
15	1	6	1	0	0	0	0	0	0	0	3.5	1	2.66666666666667	4	4	4	131.75	95.5	115	1
9	0	2	1	0	0	0	1	0	0	0	2.5	1	2.33333333333333	1	1	1	142	130	117	1
6	0	3	0	0	0	0	0	0	0	0	3.75	1	1.5	4	2	2	56.25	201	149.5	1
6	0	3	0	0	0	0.5	1	0	0	1	3	1	2.66666666666667	1	3	3	252	158.333333333333	76	1
13	0	6	1	0	0	0	0.25	0	0	1	3	1	2.83333333333333	4	4	5	222.75	222.25	161.333333333333	1
10	1	4	0	0	0	0	0	0.166666666666667	0	0	2.25	1	2.33333333333333	5	6	3	449	390.166666666667	433	1
10	1	4	0	0	0	0	-99	-99	-99	-99	-99	-99	-99	0	0	0	-99	-99	-99	-99
15	1	6	1	0	0	0	0	1	0	1	2	1	2.5	1	1	2	1045	919	219	1
20	1	3	0	0	0	0	0	0	0	1	3.25	1	2.33333333333333	2	3	2	441	292.666666666667	114	1
17	1	6	1	0	0	0	-99	-99	-99	-99	-99	-99	-99	0	0	0	-99	-99	-99	-99
7	1	6	1	0	0	0	0	0	0	1	3	1	2.5	2	3	3	321	165.666666666667	102	1
10	1	4	0	0	0	-99	-99	-99	-99	0	1	1	1	0	0	0	-99	-99	-99	1
16	1	5	1	0	0	0	-99	-99	-99	-99	-99	-99	-99	0	0	0	-99	-99	-99	-99
1	0	6	1	0	0	0	1	-99	-99	1	3	1	3.66666666666667	2	0	0	487.5	-99	-99	1
14	0	2	0	0	0	0	0	0	0	0	3	1	2.16666666666667	7	5	5	132.714285714286	308.2	171.2	1
14	0	2	0	1	0	0	0.142857142857143	0	0	0	3	1	2.8	7	3	5	221.142857142857	404.666666666667	99	0
14	0	2	0	0	0	0	-99	-99	-99	-99	-99	-99	-99	0	0	0	-99	-99	-99	-99
11	0	2	0	0	0	0	0	0	0	1	3	1	2.66666666666667	1	1	1	396	262	288	1
21	0	4	0	0	0	0	-99	-99	-99	-99	-99	-99	-99	0	0	0	-99	-99	-99	-99
19	0	6	1	0	0	0	-99	-99	-99	-99	-99	-99	-99	0	0	0	-99	-99	-99	-99
1	0	6	1	0	0	0	1	0.5	0	1	3	1	3.16666666666667	1	2	1	141	99.5	436	1
6	0	3	0	0	0	0	0	0.5	0	1	2.25	1	3	4	2	2	401.25	437.5	148	1
5	0	3	0	1	0	0	-99	-99	-99	-99	-99	-99	-99	0	0	0	-99	-99	-99	-99
2	0	6	1	0	0.142857142857143	0	0	0.5	0	0	3	1	2	1	2	1	44	208.5	48	1
3	1	6	1	0	0	0	-99	-99	-99	-99	-99	-99	-99	0	0	0	-99	-99	-99	-99
9	0	2	1	-99	0	0	0	0	0	1	2.75	1	2.33333333333333	4	1	3	229.5	457	93	0
8	1	6	1	1	0	0	-99	-99	-99	-99	-99	-99	-99	0	0	0	-99	-99	-99	-99
5	0	3	0	0	0	0	0	0	0	1	2.5	1	3.33333333333333	4	2	1	116	186.5	183	1
16	1	5	1	0	0	0	0	0	0	1	3.25	1	3.16666666666667	2	5	3	605.5	179.6	294	0
4	1	2	0	0	0	0	0	0	0	0	3	1	2.83333333333333	2	2	1	280.5	233.5	142	1
17	1	6	1	0	0	0	0	0.2	0	1	2.5	1	2.83333333333333	2	5	1	256	110.2	95	1
17	1	6	1	0	1	0.5	0.5	0.5	0.2	1	3	1	2.83333333333333	4	4	5	393	234.75	281	1
10	1	4	0	0	0	0	-99	-99	-99	1	3	1	2	0	0	0	-99	-99	-99	0
3	1	6	1	0	0	0	1	1	1	0	2.75	1	2.16666666666667	3	1	2	288.333333333333	677	285.5	1
9	0	2	1	1	0	0	0	0.333333333333333	0	1	2.75	1	2.83333333333333	1	3	1	518	85.3333333333333	214	1
6	0	3	0	0	0	0	0.666666666666667	0.666666666666667	1	0	2.75	1	2.4	3	3	1	155.333333333333	202	258	1
16	1	5	1	0	1	0	-99	-99	-99	-99	-99	-99	-99	0	0	0	-99	-99	-99	-99
15	1	6	1	0	0	0	0	0	0	0	3.25	1	2.33333333333333	1	3	1	872	396	760	1
3	1	6	1	0	0	0	1	-99	0	0	3.5	1	4	2	0	1	1022.5	-99	671	0
20	1	3	0	0	0	-99	-99	0	0	1	2.75	1	3.5	0	1	1	-99	375	209	0
20	1	3	0	-99	0	0	0.2	0	0	1	3	1	2.83333333333333	5	2	1	601.8	657	778	1
4	1	2	0	0	0	0	0	0	0	0	2.25	1	1.16666666666667	1	1	3	307	405	79	1
15	1	6	1	0	0	0	0	-99	-99	1	1.75	0	1	1	0	0	155	-99	-99	0
16	1	5	1	-99	0	0	-99	0	-99	0	2.75	1	1.83333333333333	0	1	0	-99	90	-99	0
14	0	2	0	0	0	0	0	0	0.333333333333333	1	2.25	1	2.33333333333333	3	3	3	203.333333333333	353.666666666667	397.666666666667	1
13	0	6	1	0	0	0	0	0	0	0	1.5	1	2	3	1	1	328.666666666667	375	382	0
11	0	2	0	0	0	0	0	0	0	1	3	1	2.66666666666667	1	1	1	301	147	131	0
3	1	6	1	1	0	0	-99	-99	-99	-99	-99	-99	-99	0	0	0	-99	-99	-99	-99
8	1	6	1	1	0	0	1	1	1	1	3.5	1	2.5	1	1	1	1052	1021	954	1
21	0	4	0	1	0	0	-99	-99	-99	-99	-99	-99	-99	0	0	0	-99	-99	-99	-99
16	1	5	1	0	0	0	-99	-99	-99	0	2.75	1	2.5	0	0	0	-99	-99	-99	1
20	1	3	0	0	0	0	0.5	0	1	1	3	1	2.66666666666667	6	1	1	170.166666666667	818	607	1
4	1	2	0	0	0	0	1	1	1	0	3	1	2.83333333333333	3	1	1	493	959	1137	1
-99	-99	-99	-99	-99	-99	-99	-99	-99	-99	-99	-99	-99	-99	0	0	0	-99	-99	-99	-99
20	1	3	0	0	0	0	1	1	0	1	3	1	2.66666666666667	3	1	1	442.333333333333	958	337	1
7	1	6	1	0.125	0	0	0	0	0	0	2.75	1	2.16666666666667	2	2	3	163	96	103.333333333333	1
19	0	6	1	0	0	0	-99	0	0	1	3.75	1	3.33333333333333	0	1	1	-99	902	659	1
20	1	3	0	0	0	0	1	0	0	1	3.75	1	3	3	1	2	297	532	438	1
21	0	4	0	0	0	0	0	0	0	0	2	1	1.66666666666667	2	1	1	401	481	493	1
4	1	2	0	0	0	0	-99	-99	-99	-99	-99	-99	-99	0	0	0	-99	-99	-99	-99
14	0	2	0	0	0	0	0	0	0	1	2.75	1	2.33333333333333	6	5	3	767.666666666667	882.8	828	0
12	1	4	1	0	0	0	0	0	0	1	2.75	1	2.5	4	6	3	199.5	103.833333333333	110	1
6	0	3	0	0	0	0	0	0	-99	0	2	1	2	1	1	0	175	169	-99	1
20	1	3	0	0	0	0	0	1	0	0	2	1	2.66666666666667	1	1	1	384	407	476	1
7	1	6	1	0	0	0	1	1	1	1	3	1	3	1	1	1	1278	1142	883	1
13	0	6	1	0	-99	-99	-99	-99	-99	-99	-99	-99	-99	0	0	0	-99	-99	-99	-99
11	0	2	0	0	0	0	0	0	0	0	2.5	1	2.83333333333333	1	2	2	274	202.5	223	1
8	1	6	1	-99	-99	-99	-99	-99	-99	-99	-99	-99	-99	0	0	0	-99	-99	-99	-99
2	0	6	1	0	0	0	0	0	0	1	2	1	2.33333333333333	1	1	1	453	342	182	0
6	0	3	0	0	0	-99	-99	-99	-99	-99	-99	-99	-99	0	0	0	-99	-99	-99	-99
14	0	2	0	0	0	0	0	0	0	1	3	1	2.33333333333333	1	1	1	355	244	343	0
14	0	2	0	0	0	0	0	0	0	0	2.25	1	2.33333333333333	1	1	3	617	696	519	1
14	0	2	0	-99	0	0	0	0	0	0	2	1	2.66666666666667	2	2	3	203.5	207.5	349.333333333333	1
20	1	3	0	1	0	0	0.5	1	0	1	3.75	1	3.33333333333333	6	1	5	139.333333333333	409	76	1
21	0	4	0	0	0.166666666666667	0	0	0	0	1	3.5	1	2.66666666666667	4	4	3	222.75	166.75	278.666666666667	1
1	0	6	1	0	0	0	-99	-99	-99	-99	-99	-99	-99	0	0	0	-99	-99	-99	-99
16	1	5	1	0	0	0	0	1	1	0	2.25	1	1.5	1	2	1	1120	698.5	727	1
14	0	2	0	0	0	0	0	0	0	1	4	1	3.33333333333333	1	1	1	544	220	385	1
5	0	3	0	0	0	0	-99	-99	-99	-99	-99	-99	-99	0	0	0	-99	-99	-99	-99
20	1	3	0	0	0.333333333333333	0	-99	-99	-99	-99	-99	-99	-99	0	0	0	-99	-99	-99	-99
6	0	3	0	1	0	0	-99	-99	-99	-99	-99	-99	-99	0	0	0	-99	-99	-99	-99
15	1	6	1	-99	0	-99	-99	-99	-99	-99	-99	-99	-99	0	0	0	-99	-99	-99	-99
11	0	2	0	0	0	0	1	1	0	0	2	1	2.33333333333333	1	1	3	630	413	104	1
10	1	4	0	0	0	0	-99	0	0	0	2.5	1	1.83333333333333	0	3	1	-99	115.666666666667	149	1
13	0	6	1	0	0	0	0.5	0.25	0	1	2.25	1	3.33333333333333	2	8	2	284	183.75	370	1
10	1	4	0	0	0	0	0	0	0	1	3.25	1	2.33333333333333	1	2	2	2183	1062	505	1
11	0	2	0	1	0	0	0	0	0	1	2.75	1	2.83333333333333	1	1	1	398	412	459	1
16	1	5	1	0	1	-99	0	1	0	1	3.5	1	2.5	1	1	4	715	504	114	1
3	1	6	1	0	0	0	0	1	0	0	3	1	3.16666666666667	1	1	1	498	478	498	1
16	1	5	1	0	0	0	0	0	0	0	1	1	1	1	1	1	109	156	95	0
17	1	6	1	0	0	0	0	0.7	0.5	1	3	1	2.66666666666667	1	10	4	866	150.9	151.75	1
18	1	6	1	-99	-99	-99	-99	-99	-99	-99	-99	-99	-99	0	0	0	-99	-99	-99	-99
2	0	6	1	0	0	0	-99	-99	-99	-99	-99	-99	-99	0	0	0	-99	-99	-99	-99
18	1	6	1	0	0	0	0	0	0	0	3.75	1	2.5	3	8	3	337.666666666667	230.25	178	1
20	1	3	0	-99	-99	-99	-99	-99	-99	-99	-99	-99	-99	0	0	0	-99	-99	-99	-99
13	0	6	1	0	0	0	1	0	0	1	3	1	3	1	1	3	1006	872	178	1
5	0	3	0	0.5	0	0	-99	-99	-99	-99	-99	-99	-99	0	0	0	-99	-99	-99	-99
5	0	3	0	-99	-99	-99	1	0	0	0	2	1	1.83333333333333	1	2	1	779	436	683	1
15	1	6	1	0	0	0	1	1	1	1	4	1	2.83333333333333	3	1	1	350.333333333333	549	370	1
1	0	6	1	0	0	0	1	1	1	0	2.25	1	1.83333333333333	2	2	1	704	721	793	1
14	0	2	0	0	0	0	1	1	0	1	2.75	1	2.33333333333333	1	2	2	464	415.5	441	1
9	0	2	1	0	0	0	0	0.142857142857143	0.333333333333333	1	2.75	1	2.66666666666667	4	7	3	127	58.4285714285714	51.3333333333333	1
11	0	2	0	0	0	0	-99	0	0.666666666666667	1	3.25	1	2.83333333333333	0	1	3	-99	1118	464	1
19	0	6	1	0	0	0	0.25	0	0	1	3	1	2.5	4	1	1	378.5	761	456	0
14	0	2	0	0	0	0	0	0	0	0	2.5	1	1.16666666666667	2	8	4	23.5	42.75	47.5	1
8	1	6	1	0	0	0	-99	-99	-99	-99	-99	-99	-99	0	0	0	-99	-99	-99	-99
16	1	5	1	0	0	0.2	0.666666666666667	0.5	0	1	3.25	1	3.33333333333333	3	2	2	509	473.5	241	1
4	1	2	0	0	-99	-99	0	0	0	0	2	1	1.66666666666667	5	1	2	240.6	757	98.5	0
18	1	6	1	0.125	0	0	0.25	0	0	0	2	1	3.16666666666667	4	4	4	217.25	213.75	244.75	1
19	0	6	1	0	0	0	0.5	1	0	0	3	1	2.83333333333333	2	1	1	477.5	881	580	1
17	1	6	1	0	-99	-99	-99	-99	-99	-99	-99	-99	-99	0	0	0	-99	-99	-99	-99
17	1	6	1	0	0	0	0.5	0.333333333333333	0	1	3	1	2.33333333333333	2	6	5	474	242	206.8	1
5	0	3	0	0	0	0	0.166666666666667	0	0	0	4	1	1.5	6	1	1	123.833333333333	307	328	1
17	1	6	1	0	0	0	0.916666666666667	0.6	0.9	1	2.75	1	1.83333333333333	12	5	10	120.416666666667	143	45	1
7	1	6	1	-99	-99	-99	-99	-99	-99	-99	-99	-99	-99	0	0	0	-99	-99	-99	-99
2	0	6	1	0	0	0	1	0	0.5	1	3	1	2.33333333333333	2	1	4	394	336	237	0
12	1	4	1	0	0	0	0	0	0	1	2.75	1	1.83333333333333	1	1	1	465	738	524	0
-99	-99	-99	-99	0	1	0	0	0	0	-99	-99	-99	-99	1	1	1	2593	751	1551	-99
2	0	6	1	-99	0	0	-99	-99	-99	-99	-99	-99	-99	0	0	0	-99	-99	-99	-99
2	0	6	1	0	0	0	1	1	1	1	3	1	2.83333333333333	1	4	1	1042	267.5	972	1
2	0	6	1	-99	-99	-99	-99	-99	-99	-99	-99	-99	-99	0	0	0	-99	-99	-99	-99
5	0	3	0	0	0	0	0	0	0.2	0	3.75	1	2.66666666666667	8	7	5	233.75	156.571428571429	105.6	1
17	1	6	1	0	-99	-99	0.333333333333333	0	1	1	3	1	3.5	3	3	1	331	360.666666666667	1006	1
12	1	4	1	0	0	0	-99	0	-99	1	2.75	1	2.5	0	1	0	-99	341	-99	1
7	1	6	1	-99	0	0	1	-99	1	1	3	1	3.33333333333333	1	0	1	591	-99	491	1
14	0	2	0	0	0	0	0	0	0	1	2.5	1	1.83333333333333	2	3	2	206	263.666666666667	254.5	0
7	1	6	1	0.2	-99	-99	0	0	-99	1	2.75	1	2.5	1	1	0	1087	952	-99	1
1	0	6	1	0	0	0	1	1	1	1	2	1	2.16666666666667	1	1	1	1258	427	476	1
13	0	6	1	0	0	0	0	0	-99	0	2.5	1	2.5	1	1	0	250	300	-99	1
18	1	6	1	0	0	0	1	1	1	0	1.25	1	2.16666666666667	8	4	3	749.75	650.75	208.333333333333	1
8	1	6	1	0	0	0	0	0	-99	0	2.75	1	2.83333333333333	2	2	0	164	201	-99	1
20	1	3	0	0	0	0	0	0	0	0	3	1	3	2	2	1	392.5	244.5	201	1
12	1	4	1	0	0	0	-99	-99	-99	-99	-99	-99	-99	0	0	0	-99	-99	-99	-99
10	1	4	0	0.5	0	0	0	0	0	0	1.75	1	2.33333333333333	1	1	1	704	575	301	1
19	0	6	1	0	0	0	-99	-99	-99	-99	-99	-99	-99	0	0	0	-99	-99	-99	-99
4	1	2	0	0	0	0	0	0.333333333333333	0	1	2.75	1	2.16666666666667	1	3	2	558	305	281.5	1
4	1	2	0	0	0	0	0	0	0	0	1.75	1	1.83333333333333	1	6	3	1169	142.833333333333	144	1
15	1	6	1	0	0	0	0	0	0	0	1.25	1	1.83333333333333	1	1	1	812	811	847	1
4	1	2	0	1	0	1	1	0.2	0	1	3	1	2.83333333333333	1	5	1	193	130.6	735	1
7	1	6	1	0	0	0	1	1	1	1	3	1	2.66666666666667	1	1	1	1709	1427	1420	0
12	1	4	1	0	0	0	0.333333333333333	0	0	1	2	1	2.33333333333333	3	3	3	112.333333333333	151.333333333333	127	1
19	0	6	1	1	0.5	1	-99	-99	-99	-99	-99	-99	-99	0	0	0	-99	-99	-99	-99
4	1	2	0	0	0	0	-99	-99	0	1	3	1	2.5	0	0	1	-99	-99	723	1
3	1	6	1	0	0	0	1	1	0	0	3	1	2	1	1	1	316	310	172	1
7	1	6	1	0	0	0	1	0	0	1	3.5	1	3.5	1	2	1	1697	313	522	1
6	0	3	0	0.111111111111111	0	0	-99	-99	-99	-99	-99	-99	-99	0	0	0	-99	-99	-99	-99
10	1	4	0	0	0	0	1	0	0	0	2.25	1	1.5	1	1	1	236	726	333	1
12	1	4	1	0	0	0	-99	-99	-99	-99	-99	-99	-99	0	0	0	-99	-99	-99	-99
6	0	3	0	1	0	0	-99	-99	-99	-99	-99	-99	-99	0	0	0	-99	-99	-99	-99
3	1	6	1	0	0	1	-99	-99	-99	-99	-99	-99	-99	0	0	0	-99	-99	-99	-99
8	1	6	1	1	0	-99	1	-99	-99	0	2.25	1	1.66666666666667	1	0	0	204	-99	-99	1
13	0	6	1	0	0	0	-99	-99	-99	0	-99	1	-99	0	0	0	-99	-99	-99	1
17	1	6	1	0	0	0	-99	-99	-99	0	2.5	1	1.5	0	0	0	-99	-99	-99	1
21	0	4	0	0	0	0	0	0	0	1	3	1	2.5	4	1	1	327.75	1038	545	1
12	1	4	1	0	0	0	0	0.166666666666667	0	1	2.75	1	2.5	8	6	1	316.25	268.333333333333	1209	1
10	1	4	0	0	0	0	0	0	0	0	2.75	1	2.16666666666667	6	1	1	179.166666666667	210	160	1
14	0	2	0	0	0	0	0	0.2	0	0	2.5	1	2.33333333333333	6	5	5	136.166666666667	164.2	106.6	1
19	0	6	1	0	0	0	-99	-99	-99	-99	-99	-99	-99	0	0	0	-99	-99	-99	-99
21	0	4	0	0	0	0	0	0	0	1	1.25	1	1.33333333333333	1	1	1	989	3137	1798	1
1	0	6	1	0	0	0	-99	-99	-99	-99	-99	-99	-99	0	0	0	-99	-99	-99	-99
13	0	6	1	0	0	0	0	0	0	0	1.75	1	2.16666666666667	2	1	1	151	156	155	1
2	0	6	1	0	0.5	1	1	1	1	1	3	1	3	2	1	1	543	1151	618	1
15	1	6	1	0	0	0.142857142857143	0.333333333333333	0.142857142857143	0.333333333333333	0	2	1	2.33333333333333	3	7	3	213	307	171.333333333333	1
18	1	6	1	0	0	0	0.25	0.25	0	1	3	1	2	4	4	2	336.75	349.5	281	1
12	1	4	1	0	0	0	0.5	0	1	0	2.25	1	2.66666666666667	2	2	1	172.5	358.5	470	1
8	1	6	1	0	0	0	1	1	1	1	4	1	3.83333333333333	3	1	1	695.333333333333	1273	1058	1
9	0	2	1	0	0	0	0	1	0.5	1	4	1	3.5	1	1	2	588	635	177	0
16	1	5	1	0	0	0	0	0	0	0	3	1	2.83333333333333	3	1	1	290	782	418	1
7	1	6	1	-99	-99	-99	-99	-99	-99	1	-99	1	-99	0	0	0	-99	-99	-99	1
2	0	6	1	0.142857142857143	0	0.2	-99	1	0.5	1	2.75	1	3	0	2	2	-99	732	931	1
10	1	4	0	0	0	0	0.5	0	0	1	2	1	2.33333333333333	2	1	1	307.5	436	548	1
6	0	3	0	0	0	0	0	0	0.5	0	1.5	1	2.33333333333333	3	1	2	143	373	160	1
2	0	6	1	0	0	0	1	1	1	0	4	1	1.8	1	1	1	399	705	634	1
7	1	6	1	0	0	0	0	0	0	1	4	1	3	1	1	1	798	1031	835	1
10	1	4	0	0	0	0	0	0	0	0	2.25	1	1.83333333333333	1	1	1	1059	1369	592	0
17	1	6	1	0	0	0.666666666666667	1	1	0.25	1	2.75	1	3	3	4	4	374	266.75	218.5	1
3	1	6	1	0	0	-99	-99	-99	-99	-99	-99	-99	-99	0	0	0	-99	-99	-99	-99
8	1	6	1	0	0	0	1	1	1	1	2.25	1	2.83333333333333	1	1	1	547	491	491	1
13	0	6	1	-99	-99	-99	-99	-99	-99	-99	-99	-99	-99	0	0	0	-99	-99	-99	-99
17	1	6	1	0	0	-99	-99	-99	-99	0	1	1	1	0	0	0	-99	-99	-99	1
21	0	4	0	-99	-99	-99	-99	-99	-99	-99	-99	-99	-99	0	0	0	-99	-99	-99	-99
-99	-99	-99	-99	0	0	0	-99	-99	-99	-99	-99	-99	-99	0	0	0	-99	-99	-99	-99
17	1	6	1	0	0	0	-99	-99	-99	-99	-99	-99	-99	0	0	0	-99	-99	-99	-99
17	1	6	1	0	0	0	0	0	0	1	3.5	1	2.33333333333333	4	3	2	151.75	207.333333333333	318	1
14	0	2	0	0	0	0	0.166666666666667	0	0	0	2	1	2.83333333333333	6	4	4	274.333333333333	228.75	265	0
15	1	6	1	0	0	0	0	0	-99	1	3.25	1	2.5	3	2	0	349.666666666667	1024	-99	1
4	1	2	0	0	0	0	-99	-99	-99	-99	-99	-99	-99	0	0	0	-99	-99	-99	-99
13	0	6	1	0	0	0	0	0	0	1	3	1	2.66666666666667	1	1	1	452	221	100	1
14	0	2	0	0	0	0	0	0	0	1	2	1	3	1	1	2	419	237	196	1
9	0	2	1	0	0	0	1	1	0.8	1	2.75	1	2.5	7	6	5	72.8571428571429	184.333333333333	96.4	1
9	0	2	1	0.2	0	0	0.666666666666667	0.571428571428571	0	1	2.75	1	2	6	7	6	163.166666666667	163.714285714286	122.166666666667	1
15	1	6	1	0	0	0	0.142857142857143	1	0	0	3	1	2.66666666666667	7	1	1	163.428571428571	880	795	1
19	0	6	1	0	0	0	1	-99	-99	1	3	1	2.33333333333333	1	0	0	1511	-99	-99	1
11	0	2	0	0	0	0	-99	-99	-99	-99	-99	-99	-99	0	0	0	-99	-99	-99	-99
7	1	6	1	0.2	0	0	0.166666666666667	-99	-99	1	3	1	3.5	6	0	0	103	-99	-99	1
14	0	2	0	0	0	0	-99	0	0	1	3	1	2.5	0	3	3	-99	907.333333333333	481.5	1
7	1	6	1	0	0	0	-99	0.666666666666667	1	0	2	1	2.33333333333333	0	3	1	-99	618.666666666667	1015	1
4	1	2	0	0	-99	0	0	-99	-99	0	2.5	1	2	3	0	0	132.666666666667	-99	-99	0
14	0	2	0	-99	0	0	-99	-99	-99	-99	-99	-99	-99	0	0	0	-99	-99	-99	-99
5	0	3	0	0	0	0	0	0	0	1	3.5	1	2.83333333333333	1	1	1	754	567	666	1
21	0	4	0	0	0	0	0	1	0	1	-99	1	3.83333333333333	1	1	3	154	289	74	1
15	1	6	1	0	0	0	-99	-99	-99	0	2	1	1	0	0	0	-99	-99	-99	1
11	0	2	0	0	0	0	-99	1	0	1	2.75	1	2.5	0	1	2	-99	1063	225	1
6	0	3	0	-99	-99	-99	-99	-99	-99	-99	-99	-99	-99	0	0	0	-99	-99	-99	-99
-99	-99	-99	-99	0	0	-99	-99	-99	-99	-99	-99	-99	-99	0	0	0	-99	-99	-99	-99
7	1	6	1	0	0	0	-99	-99	-99	-99	-99	-99	-99	0	0	0	-99	-99	-99	-99
2	0	6	1	0.333333333333333	0	0	0	0.5	0	0	3	1	1.83333333333333	4	4	3	117.25	89.5	168.333333333333	0
2	0	6	1	0	0	0	-99	-99	-99	-99	-99	-99	-99	0	0	0	-99	-99	-99	-99
5	0	3	0	0	0	0	0	0	0	1	3	1	2.83333333333333	1	1	2	260	279	197	1
20	1	3	0	0	0	0	-99	-99	-99	-99	-99	-99	-99	0	0	0	-99	-99	-99	-99
8	1	6	1	0	0	0	1	1	1	0	3.25	1	3	1	1	1	1031	1329	1124	1
6	0	3	0	0	0	0	0	0	0	1	2.25	1	1.83333333333333	1	3	1	746	200.666666666667	383	1
2	0	6	1	0	0	0	0.4	0	0.5	1	3	1	2.66666666666667	5	2	2	237	708.5	735	1
11	0	2	0	0	0	0	0.8	0.75	0.166666666666667	1	1.75	1	2	5	4	6	297.2	280	128.833333333333	1
7	1	6	1	0	0	0	1	0.666666666666667	1	1	3.25	1	2	1	3	4	485	110.666666666667	38	1
3	1	6	1	0	0	0	1	1	1	1	2.25	1	2.83333333333333	4	3	2	451.75	580	550.5	1
14	0	2	0	0	0	0	-99	-99	-99	-99	-99	-99	-99	0	0	0	-99	-99	-99	-99
2	0	6	1	0	1	0	-99	-99	-99	-99	-99	-99	-99	0	0	0	-99	-99	-99	-99
11	0	2	0	0	0	0	0	0.5	0.5	1	3	1	2.83333333333333	4	2	2	228.5	503.5	235	1
12	1	4	1	0	0	0	-99	-99	-99	-99	-99	-99	-99	0	0	0	-99	-99	-99	-99
16	1	5	1	1	0	0	1	0	0	1	2.5	1	3.33333333333333	1	1	1	456	367	341	1
3	1	6	1	0	0.5	0	0.714285714285714	0	0	0	2.25	1	2.83333333333333	7	5	3	218.142857142857	276	499.333333333333	1
5	0	3	0	0	0	0	0	0.666666666666667	0	1	3	1	2.66666666666667	3	3	2	245.333333333333	143.333333333333	80	1
6	0	3	0	0	0	0	-99	-99	-99	-99	-99	-99	-99	0	0	0	-99	-99	-99	-99
1	0	6	1	0	0	0.5	-99	-99	-99	-99	-99	-99	-99	0	0	0	-99	-99	-99	-99
1	0	6	1	0	0	0	0	0	1	0	2.75	1	2.33333333333333	1	1	1	469	450	416	0
8	1	6	1	0	-99	-99	-99	-99	-99	-99	-99	-99	-99	0	0	0	-99	-99	-99	-99
6	0	3	0	0	0	0	-99	-99	-99	-99	-99	-99	-99	0	0	0	-99	-99	-99	-99
2	0	6	1	0	0	0	0.5	1	0	1	3	1	3.83333333333333	2	1	2	346.5	678	507	1
6	0	3	0	0	0	-99	-99	-99	-99	-99	-99	-99	-99	0	0	0	-99	-99	-99	-99
11	0	2	0	-99	-99	-99	-99	-99	-99	-99	-99	-99	-99	0	0	0	-99	-99	-99	-99
5	0	3	0	0	0	0	1	0	0	1	2.25	1	3.33333333333333	3	3	3	312.666666666667	289.333333333333	356	1
15	1	6	1	0	0	0	0	0	0	0	2.25	1	2	1	2	2	214	186.5	178.5	0
2	0	6	1	0.25	0	0	1	1	1	0	2.25	1	2.5	1	1	1	576	484	675	1
4	1	2	0	0	0	0	0.5	1	0.5	1	3	1	2.66666666666667	2	2	2	317	309	179	0
17	1	6	1	0	0	0	0	0	0.5	1	3	1	2.5	3	3	2	198.666666666667	186.333333333333	226	1
13	0	6	1	0	0	0	0	0	0	0	2.25	1	2	1	1	1	756	798	743	1
2	0	6	1	0	0	0	-99	-99	-99	-99	-99	-99	-99	0	0	0	-99	-99	-99	-99
13	0	6	1	0.1	0.142857142857143	0	0.333333333333333	0	0	1	3	1	3.16666666666667	6	4	4	263.833333333333	312.5	205.75	1
6	0	3	0	0	0	0	0.25	0	0	0	3.25	1	3.16666666666667	4	4	2	155.75	107.25	167	0
11	0	2	0	0	0	0	0	0	0	1	1	1	1	1	1	1	603	523	332	1
19	0	6	1	0	0	0	0	0	0	1	3.5	1	3.16666666666667	2	1	1	563	869	640	1
20	1	3	0	0	0	0	0	0	0.25	1	3	1	2	5	1	4	275.8	825	194	1
6	0	3	0	0	0	0	0	0	0	1	3	1	2	3	12	4	182	122.083333333333	97.5	0
17	1	6	1	0	0	0	0.25	0	0	1	4	1	3	4	2	1	216.25	280.5	440	1
2	0	6	1	0	0	0	-99	-99	-99	-99	-99	-99	-99	0	0	0	-99	-99	-99	-99
3	1	6	1	0	0	0	0	0.666666666666667	0	1	4	1	2.33333333333333	2	3	1	707	446.333333333333	406	0
4	1	2	0	0.333333333333333	0	0	1	0	0	1	2.5	1	2.66666666666667	1	4	1	957	149.25	496	1
13	0	6	1	0	0	0	-99	0	0	0	2.25	1	1.83333333333333	0	1	2	-99	421	153.5	0
16	1	5	1	0	0	0	-99	-99	-99	-99	-99	-99	-99	0	0	0	-99	-99	-99	-99
1	0	6	1	0	0	0	1	0.5	1	1	2.5	1	3.5	1	2	1	682	393.5	404	1
18	1	6	1	0	0	0.166666666666667	1	1	1	0	2	1	1.83333333333333	3	1	1	610	694	390	1
17	1	6	1	0	0	0	0.5	0	0	1	2.75	1	2.83333333333333	2	2	1	226.5	256	256	0
12	1	4	1	0	0	0	0	0	0	1	3	1	2	1	3	1	617	161.333333333333	414	0
18	1	6	1	0	0	0	-99	1	0	1	4	1	3.83333333333333	0	1	1	-99	422	366	1
2	0	6	1	0	0	0	0.857142857142857	1	1	0	2.25	1	2.5	7	4	3	620.571428571429	515.5	525	0
21	0	4	0	0	0	0	-99	-99	-99	-99	-99	-99	-99	0	0	0	-99	-99	-99	-99
13	0	6	1	0	0	0	-99	-99	-99	-99	-99	-99	-99	0	0	0	-99	-99	-99	-99
7	1	6	1	0	0	-99	0	0	0	1	3	1	2.5	1	2	2	421	283	184	0
3	1	6	1	0	0	-99	0	0	0	1	2.75	1	1.83333333333333	1	1	1	9	20	15	1
1	0	6	1	0	0	0	1	1	1	0	2.5	1	2.33333333333333	3	3	3	514.333333333333	511.333333333333	632.666666666667	1
16	1	5	1	0	0	0.25	0	1	0	1	2	1	1.66666666666667	1	1	1	734	426	619	1
1	0	6	1	0	0	0	1	1	-99	0	1.75	1	2	3	2	0	375.333333333333	604.5	-99	1
18	1	6	1	0	0	0	-99	-99	-99	-99	-99	-99	-99	0	0	0	-99	-99	-99	-99
18	1	6	1	0	0	0	1	1	1	1	1.25	1	2.66666666666667	1	1	1	517	783	550	1
9	0	2	1	1	1	0	0	1	1	0	2	1	1.6	1	1	1	359	396	271	0
3	1	6	1	0	0	0	0	0	0	1	-99	1	2.6	1	1	1	158	106	243	1
14	0	2	0	0	0	0	0	0	0	1	3	1	2.16666666666667	4	4	3	171.25	140.25	96.6666666666667	1
16	1	5	1	0	0	0	0	0	0	0	3	1	2.33333333333333	1	1	2	457	439	120	0
6	0	3	0	0	0.5	0	-99	-99	-99	-99	-99	-99	-99	0	0	0	-99	-99	-99	-99
12	1	4	1	0	0	1	-99	-99	-99	-99	-99	-99	-99	0	0	0	-99	-99	-99	-99
10	1	4	0	0	0	0	0	0	0	1	3	1	1.66666666666667	1	1	1	838	910	909	1
5	0	3	0	0	0	0	0.333333333333333	0.333333333333333	0	1	2.25	1	2.33333333333333	3	3	3	137.333333333333	140.666666666667	77	0
6	0	3	0	0	0	0	0	0	0	1	3	1	3.16666666666667	1	3	3	1986	545.666666666667	209	1
13	0	6	1	0	0	0	0.666666666666667	1	0.25	1	2	1	1.5	6	7	8	147	97.7142857142857	181	1
15	1	6	1	0	0	0	0.5	0	0	1	3.25	1	3.5	2	3	3	757.5	504.333333333333	623	1
17	1	6	1	1	0	0	0.333333333333333	0.333333333333333	0	1	3	1	2.83333333333333	3	3	3	284	217.666666666667	348	1
19	0	6	1	0	0	0	0.2	0.333333333333333	0.333333333333333	0	2.75	1	3.16666666666667	5	3	3	288.4	612	585	1
1	0	6	1	0	0	0	0	0.666666666666667	0	0	1.75	1	2.16666666666667	2	3	1	117	143.333333333333	292	1
11	0	2	0	0	0	0	0	0	0	1	2.25	1	2.33333333333333	1	1	1	664	463	483	1
18	1	6	1	0	0	0	0	0	0	1	2.5	1	2.66666666666667	4	3	3	436.5	704	287	1
18	1	6	1	1	0.545454545454545	0.333333333333333	1	0.428571428571429	0.166666666666667	1	3	1	2.5	2	7	6	171	82.5714285714286	106.5	1
4	1	2	0	-99	-99	-99	-99	-99	-99	-99	-99	-99	-99	0	0	0	-99	-99	-99	-99
8	1	6	1	0	-99	-99	0	-99	-99	1	3	1	2	1	0	0	642	-99	-99	0
14	0	2	0	0	0	0	0	0	0.5	1	2.75	1	1.83333333333333	7	3	2	142.714285714286	150	96.5	1
13	0	6	1	0	0.333333333333333	0	0	0	0	1	2.33333333333333	1	2.33333333333333	1	1	1	1141	879	786	1
18	1	6	1	0	0	0	1	1	0	1	3	1	2.66666666666667	1	3	1	619	163	248	1
2	0	6	1	0	0	0	0	0	0	0	4	1	1.66666666666667	2	2	1	185	212	175	1
5	0	3	0	-99	-99	-99	0	1	0	1	3.75	1	3	1	1	1	1266	833	712	1
16	1	5	1	0	0	0	0	0	0	1	3	1	2.33333333333333	4	3	1	201.75	321	434	0
9	0	2	1	0	0	0	0.4	0	1	1	4	1	3.83333333333333	5	1	1	388.2	955	1014	1
19	0	6	1	0	0	0	1	0	1	1	3.25	1	2.66666666666667	1	1	1	1848	1664	1012	1
6	0	3	0	0	0	0	0.5	0.333333333333333	1	1	3.5	1	2.5	4	3	2	470.5	540	522	1
14	0	2	0	0	0	0	0	0	0	0	3	1	2.16666666666667	3	1	1	503.333333333333	1095	2195	1
10	1	4	0	-99	-99	-99	-99	-99	-99	1	2.5	1	2.33333333333333	0	0	0	-99	-99	-99	0
19	0	6	1	0	0	0	0	0.4	0.5	1	2.75	1	2.5	5	5	2	434	576	586	1
19	0	6	1	0	0	0	-99	-99	-99	-99	-99	-99	-99	0	0	0	-99	-99	-99	-99
1	0	6	1	0	1	1	1	1	1	1	4	1	2.83333333333333	1	1	1	1188	807	767	1
18	1	6	1	1	0	0	-99	-99	-99	-99	-99	-99	-99	0	0	0	-99	-99	-99	-99
12	1	4	1	0	0	0	-99	0	0	0	1.25	1	2.66666666666667	0	1	1	-99	1166	373	0
17	1	6	1	1	0	0	0	0	0	1	3.25	1	1.16666666666667	1	2	1	1793	1669	827	1
11	0	2	0	-99	-99	-99	-99	-99	-99	-99	-99	-99	-99	0	0	0	-99	-99	-99	-99
18	1	6	1	0	0	0	0.5	0	-99	0	2.75	1	2	2	2	0	55	48	-99	0
16	1	5	1	1	0	0	0	0	0	1	3	1	2.83333333333333	3	1	1	86.3333333333333	47	57	0
8	1	6	1	0	0	0	-99	-99	-99	-99	-99	-99	-99	0	0	0	-99	-99	-99	-99
6	0	3	0	0	0	0	-99	-99	-99	0	2	1	1.66666666666667	0	0	0	-99	-99	-99	1
21	0	4	0	0	0	0	0	0	0	1	3.75	1	3.33333333333333	1	1	1	888	713	647	1
8	1	6	1	0	0	0	0.5	0.25	0.25	1	3.25	1	2.33333333333333	4	4	4	378.5	417.25	349.25	1
9	0	2	1	0	0	0	0	0	-99	0	-99	1	-99	1	1	0	229	282	-99	1
13	0	6	1	0	0	0	-99	-99	-99	1	3	1	2.83333333333333	0	0	0	-99	-99	-99	0
5	0	3	0	0	1	1	0	1	0	1	2.25	1	3	1	1	1	283	306	211	1
15	1	6	1	0	0	0	-99	-99	-99	-99	-99	-99	-99	0	0	0	-99	-99	-99	-99
6	0	3	0	0	0	0	-99	-99	-99	-99	-99	-99	-99	0	0	0	-99	-99	-99	-99
15	1	6	1	0.25	0	0	0	0	0.5	0	1.75	1	1.5	2	2	2	456.5	347	289.5	1
14	0	2	0	0	0	0	-99	-99	-99	-99	-99	-99	-99	0	0	0	-99	-99	-99	-99
1	0	6	1	0	0	0	1	1	1	1	2.75	1	3	3	3	1	163	272.333333333333	724	1
14	0	2	0	-99	-99	-99	-99	-99	-99	-99	-99	-99	-99	0	0	0	-99	-99	-99	-99
4	1	2	0	0	0	0	0	0	0	1	2.75	1	2.5	2	2	1	423	411	163	1
14	0	2	0	0	0	0	0	0	0	0	1	1	2.16666666666667	1	2	1	285	87	168	1
1	0	6	1	0	1	1	1	0	0	1	2.75	1	2.83333333333333	1	1	1	505	125	42	1
18	1	6	1	0	0	0	1	1	0	1	3.25	1	2.33333333333333	1	1	1	2055	1222	705	1
13	0	6	1	0	0	0	0	0	0	0	2.25	1	2.33333333333333	2	3	2	128	93.6666666666667	102	1
21	0	4	0	0	-99	-99	-99	-99	-99	-99	-99	-99	-99	0	0	0	-99	-99	-99	-99
15	1	6	1	0	-99	0	0	0	0	0	1.66666666666667	1	2	1	2	2	55	118.5	80.5	1
21	0	4	0	0	0	0	0	0	0	0	2.75	1	2.5	1	1	1	751	610	566	1
5	0	3	0	0.5	0	0	0	0.2	0	1	2.5	1	3.16666666666667	3	5	2	806.666666666667	427.6	676.5	1
10	1	4	0	0	0	0	1	1	1	0	2.75	1	2.33333333333333	1	1	1	33	189	66	1
10	1	4	0	1	0	0	-99	-99	-99	-99	-99	-99	-99	0	0	0	-99	-99	-99	-99
2	0	6	1	0	0	0	1	1	1	0	2.5	1	2.16666666666667	1	1	1	586	624	436	1
12	1	4	1	0	0	0	-99	-99	-99	0	2.25	1	2.33333333333333	0	0	0	-99	-99	-99	1
21	0	4	0	0	0	0	0	0	1	1	2.75	1	3	2	2	1	68.5	47.5	44	0
8	1	6	1	0	0	0	0.666666666666667	0	0	0	2	1	2.16666666666667	3	4	2	152.666666666667	184.25	131	1
13	0	6	1	0	0	0	0	0	1	0	2	1	2.5	1	1	1	498	685	769	1
5	0	3	0	0	0	0	-99	0.333333333333333	0	0	3	1	2.66666666666667	0	3	3	-99	93.6666666666667	77	1
3	1	6	1	0	0	0	1	1	1	1	2.75	1	2.66666666666667	1	1	1	731	510	686	0
14	0	2	0	0	0.333333333333333	0	1	0	0	1	2.25	1	1.66666666666667	1	1	1	411	402	407	1
18	1	6	1	-99	0	0	-99	-99	-99	-99	-99	-99	-99	0	0	0	-99	-99	-99	-99
16	1	5	1	0	0	0	0	0	0	1	3	1	3	1	1	1	243	260	278	1
7	1	6	1	1	0	0	1	1	1	1	3	1	2.16666666666667	1	1	1	964	1729	1178	0
3	1	6	1	0	0	0	0	1	1	1	2	1	2.16666666666667	1	1	1	267	199	265	0
21	0	4	0	0	0	0	0	1	0	0	2.75	1	2.83333333333333	1	1	1	331	448	376	1
17	1	6	1	0	0	0.333333333333333	1	0.75	0.666666666666667	1	2.5	1	2.66666666666667	3	4	3	1132.66666666667	748.5	732	1
9	0	2	1	0	-99	0	0.333333333333333	1	-99	0	1.5	1	1.66666666666667	3	1	0	83	285	-99	1
20	1	3	0	0	0	0	-99	-99	-99	-99	-99	-99	-99	0	0	0	-99	-99	-99	-99
8	1	6	1	0	0	0	1	1	0.666666666666667	1	3	1	2.83333333333333	1	3	3	710	187.333333333333	222.333333333333	0
9	0	2	1	0	0	-99	0	0	0	0	2	1	1.33333333333333	1	1	1	133	146	167	1
11	0	2	0	0	0	0	0.8	0.75	1	1	2.75	1	2.83333333333333	5	4	2	461	580	583	1
18	1	6	1	0	0	0	0	0	0	1	2.25	1	2.33333333333333	1	5	2	579	89	82.5	0
18	1	6	1	0	0	0	0.25	0.666666666666667	0	1	3	1	3	4	3	1	112.5	139	146	1
9	0	2	1	0	1	0	0	1	0	1	2.75	0	1.66666666666667	1	1	1	255	181	94	0
4	1	2	0	1	0	0	0	0	0	0	2.75	1	2.66666666666667	1	4	2	117	90	68	1
17	1	6	1	1	0	0	0	1	1	1	3	1	2	1	1	1	562	1021	569	0
11	0	2	0	0	0	0	0	0	0	1	2.5	1	2.16666666666667	1	1	1	433	213	142	0
8	1	6	1	0	0	0	1	0.5	1	1	3	1	3.33333333333333	1	2	1	994	608.5	1010	1
21	0	4	0	1	0	0	-99	-99	-99	0	-99	1	-99	0	0	0	-99	-99	-99	1
20	1	3	0	1	0	0	-99	-99	-99	-99	-99	-99	-99	0	0	0	-99	-99	-99	-99
2	0	6	1	0	0	0	0	0	0	0	2.5	1	2.33333333333333	2	1	2	285.5	315	250	0
17	1	6	1	0	0	0	0	0.5	0	0	2.5	1	2.16666666666667	1	2	3	377	152	113.666666666667	1
5	0	3	0	0	0	0	0	0	0	1	2.5	1	2.66666666666667	5	1	1	303.2	476	391	0
17	1	6	1	0	0	0	0	0.666666666666667	0	1	3	1	2.66666666666667	1	3	2	255	583.666666666667	510	1
18	1	6	1	0	0	0	0	0	0	1	2	1	2	1	1	1	1055	838	835	1
12	1	4	1	0	0	0	-99	-99	-99	-99	-99	-99	-99	0	0	0	-99	-99	-99	-99
18	1	6	1	0	0	0	-99	-99	-99	-99	-99	-99	-99	0	0	0	-99	-99	-99	-99
8	1	6	1	1	0	0	0.666666666666667	0.5	0.333333333333333	1	2.5	1	2.5	3	2	3	136.333333333333	81.5	123	1
2	0	6	1	0	0	0	1	1	1	0	3	1	2.33333333333333	4	2	1	509	389	468	1
19	0	6	1	0	-99	-99	-99	-99	-99	-99	-99	-99	-99	0	0	0	-99	-99	-99	-99
13	0	6	1	0	0	0	-99	-99	-99	-99	-99	-99	-99	0	0	0	-99	-99	-99	-99
6	0	3	0	0.5	0	1	-99	-99	-99	-99	-99	-99	-99	0	0	0	-99	-99	-99	-99
10	1	4	0	0	0	0	0	1	0	0	1.25	1	1.83333333333333	1	1	1	1035	1159	725	1
17	1	6	1	0	0	1	-99	0	-99	1	3.75	1	2.66666666666667	0	1	0	-99	1768	-99	1
18	1	6	1	0.25	0	0	-99	-99	-99	-99	-99	-99	-99	0	0	0	-99	-99	-99	-99
2	0	6	1	0	0	0	0	0	0	1	3	1	2.33333333333333	2	2	2	108	88	128.5	1
19	0	6	1	1	0	0	1	0	0	1	2.25	1	2.16666666666667	1	1	1	281	478	125	1
7	1	6	1	1	0	0	0	0	0	1	2.75	1	2.83333333333333	2	1	1	268	260	351	1
4	1	2	0	-99	-99	0	-99	-99	-99	-99	-99	-99	-99	0	0	0	-99	-99	-99	-99
13	0	6	1	0	0	0	0	0	0	0	2	1	1.66666666666667	1	1	1	471	314	323	0
14	0	2	0	0	0	0	0	0	0	0	2.25	1	2.16666666666667	1	1	1	501	280	226	0
21	0	4	0	0	0	0	0	0	0	1	2.5	1	2.16666666666667	1	1	1	992	747	437	1
3	1	6	1	0	0	0	0	0	0	0	3	1	2.33333333333333	1	1	1	372	429	176	1
1	0	6	1	0	0	0	0	0	0	0	3.25	1	2.83333333333333	1	1	1	239	114	56	1
1	0	6	1	0	0	0	0	0	0	0	2.5	1	2.5	1	1	1	348	444	330	1
18	1	6	1	0	0	0	1	0	0	1	3.5	1	3	3	2	2	450.333333333333	398	387.5	1
15	1	6	1	0	0	0	1	1	1	1	3	1	2.83333333333333	1	1	1	1216	866	938	1
15	1	6	1	0	0	0	0	0	0	0	2.75	1	2.33333333333333	3	1	1	159.666666666667	317	230	1
6	0	3	0	0	0	0	0.5	0	0	1	2	1	2.33333333333333	2	1	1	327	476	320	0
11	0	2	0	0	0	0	0	0	0	1	2	1	1.83333333333333	1	4	2	434	61	83.5	1
17	1	6	1	0	0	0	-99	0.25	1	1	3	1	2.16666666666667	0	4	1	-99	415.75	681	1
1	0	6	1	1	1	1	1	0	1	1	2.75	1	2.5	1	1	1	769	827	619	0
10	1	4	0	0	-99	-99	-99	-99	-99	0	2	1	2.16666666666667	0	0	0	-99	-99	-99	0
8	1	6	1	0	0	0	-99	-99	-99	-99	-99	-99	-99	0	0	0	-99	-99	-99	-99
9	0	2	1	0	0	0	0.5	0	0	1	2.25	1	3.16666666666667	2	3	1	578	335	984	0
-99	-99	-99	-99	-99	0	0	-99	-99	-99	-99	-99	-99	-99	0	0	0	-99	-99	-99	-99
19	0	6	1	0	0	0	-99	-99	-99	-99	-99	-99	-99	0	0	0	-99	-99	-99	-99
1	0	6	1	-99	-99	0	0	0	0	1	1.75	1	1.5	1	1	1	303	134	141	1
5	0	3	0	0	0	0	0	1	0	0	2	1	1.83333333333333	1	1	1	551	412	219	0
8	1	6	1	0	0	0	0.6	0.333333333333333	0	1	2.75	1	2.33333333333333	5	3	1	295.2	239.666666666667	509	1
2	0	6	1	0	0	0	1	1	1	1	3.25	1	2.66666666666667	1	1	1	1700	1730	964	1
-99	-99	-99	-99	0	0	0	-99	-99	-99	-99	-99	-99	-99	0	0	0	-99	-99	-99	-99
15	1	6	1	0	0	0	0	0	0	1	3	1	2.83333333333333	3	4	2	133.333333333333	146	200	1
14	0	2	0	1	0	0	0	0	0	0	2	1	2.66666666666667	9	10	3	182.444444444444	117.1	123.333333333333	1
9	0	2	1	0	0	0	1	1	1	1	3.25	1	2.33333333333333	1	1	1	683	1126	663	1
15	1	6	1	0	0	0	-99	-99	-99	-99	-99	-99	-99	0	0	0	-99	-99	-99	-99
21	0	4	0	1	0	0	0	0	0	1	2.75	1	3	3	1	1	494.333333333333	709	595	1
15	1	6	1	1	0	0	0	-99	-99	1	-99	1	-99	4	0	0	316.75	-99	-99	0
9	0	2	1	0	0	1	0	0	0	0	2.75	1	2.5	1	1	1	921	759	481	0
20	1	3	0	0	0	0	0.75	1	0.333333333333333	1	3	1	2.66666666666667	4	6	3	464.75	504	460	1
2	0	6	1	0	0	0	0	0	0	0	1.25	1	1.33333333333333	1	1	1	372	431	177	1
4	1	2	0	0	0	0	0.333333333333333	0	1	1	3	1	2	3	2	1	228	376	541	1
9	0	2	1	0	0	0	1	1	1	1	2.5	1	2.66666666666667	1	1	1	1569	539	364	1
9	0	2	1	0	0	0	1	1	1	1	3	1	2.66666666666667	1	1	1	777	865	619	1
18	1	6	1	0	0	0	-99	0	0	0	1.5	1	2	0	4	4	-99	110.75	135.5	0
21	0	4	0	0	0	0	-99	-99	-99	-99	-99	-99	-99	0	0	0	-99	-99	-99	-99
2	0	6	1	0	0	0	1	0	0.5	1	2.75	1	2.5	1	1	2	217	242	115	1
18	1	6	1	0	0	0	1	0	1	0	2.5	1	2.5	1	1	1	658	501	765	1
13	0	6	1	0.25	0	0	0.166666666666667	0	0	1	3.25	1	3.5	6	4	1	307.5	309	800	1
6	0	3	0	0	1	0	1	1	1	0	3.5	1	2.83333333333333	1	1	1	997	1047	974	1
12	1	4	1	0	0	0	0	0	0.5	1	2.5	0	2.5	3	3	2	159.666666666667	86	119.5	0
7	1	6	1	0	0.5	0	-99	-99	-99	-99	-99	-99	-99	0	0	0	-99	-99	-99	-99
11	0	2	0	0	0	0	0	0	0	0	1.5	1	1.66666666666667	1	1	1	296	324	289	1
2	0	6	1	0	0	0	0	0	0	0	1.75	1	2.83333333333333	1	1	1	810	454	542	1
9	0	2	1	-99	-99	-99	-99	-99	-99	-99	-99	-99	-99	0	0	0	-99	-99	-99	-99
9	0	2	1	1	-99	0	0	0.25	-99	1	2	1	2.66666666666667	1	4	0	170	169.25	-99	1
7	1	6	1	0	0	0	-99	-99	-99	-99	-99	-99	-99	0	0	0	-99	-99	-99	-99
9	0	2	1	0	1	0	0.5	0	0	0	2.5	1	3.16666666666667	2	1	1	397	287	409	1
14	0	2	0	0	0	0	0	0	0	1	3	1	1.83333333333333	3	3	1	339	447.666666666667	1032	1
11	0	2	0	0	0	0	0	0	0	0	2	1	2.5	3	3	2	157	199	247	0
6	0	3	0	0	0	0	0	0	0	1	3	1	2.83333333333333	1	1	1	734	400	251	0
14	0	2	0	0	0	1	0	0	0	0	2	1	1	1	1	1	966	664	914	1
11	0	2	0	1	0	0	0	0.2	0	1	2.75	1	2.83333333333333	1	5	4	518	125.2	116.5	1
15	1	6	1	0	0	-99	0	0	0	1	2	1	1.16666666666667	1	1	1	361	788	146	1
13	0	6	1	0	0	0	0	0	0	1	2.25	1	2	1	3	1	616	329.333333333333	435	1
16	1	5	1	0	0	0	-99	-99	-99	-99	-99	-99	-99	0	0	0	-99	-99	-99	-99
